,0,1,2,3,4,5,6,7,8
0,0.021869259007930058,0.19420413755230329,0.04189235593370496,0.12409808459938163,0.18635712798928822,0.15173348144452226,0.17704345150487805,0.10280210196799146,10.336755616089015
1,0.06179284989830761,0.08601617312793049,0.08303475096550739,0.10337712752884166,0.31607324618603366,0.07884504125910613,0.2461932937966854,0.024667517237587578,10.287814972483945
2,0.276609392222398,0.1371727711596362,0.05146786485500009,0.12347730661324534,0.004712410133756864,0.022091929912872888,0.21183703585533964,0.17263128924775098,10.339486755767261
3,0.32167832043462885,0.021162021177254648,0.03745304716441191,0.04682437853471687,0.2667057560407182,0.21633942140968399,0.03193236340136299,0.057904691837222445,9.977661420367427
4,0.08542131409810831,0.02167065524102674,0.1826184893176429,0.07410001968851655,0.2779930391799073,0.2633782445703502,0.05886065806362557,0.03595757984082242,10.109788533172075
5,0.14599355405522402,0.011235638884251983,0.24595729753213202,0.21433358692132248,0.21113380080797337,0.08552522529820189,0.0828703340384052,0.0029505624624890747,9.976442653352905
6,0.12097804864476748,0.018011825865212057,0.23248446456222316,0.11699054810487877,0.05351765753461689,0.03164182242880642,0.30599993852576235,0.12037569433373287,10.195738723069066
7,0.03086339506979749,0.1703435862527023,0.24832788814062345,0.03423114729218844,0.019795346557291805,0.15798538195991088,0.021176158613842817,0.3172770961136429,10.14252036108719
8,0.08081248322951945,0.22048514187145854,0.09895478650759111,0.09825481652408871,0.11914685740552472,0.07036576893843595,0.16276936108479242,0.14921078443858904,10.756603300180261
9,0.26601325202385284,0.08879696212849318,0.03223120928010997,0.08947427461051359,0.01858101528399694,0.13396667354833436,0.30222213513205853,0.06871447799264062,10.266851592473193
10,0.11121605340491061,0.21793505286531323,0.04656524737453671,0.042006725338321275,0.004325743529862868,0.3053234071110184,0.23923738992194976,0.033390380454087126,9.977076683367661
11,0.13990349657343765,0.100074089901595,0.056024516294373945,0.24493187561343172,0.08965487842025707,0.0019496737383194083,0.21922056488522532,0.14824090457335992,10.418471034022668
12,0.23719150487115126,0.028973259651351904,0.0869185748251822,0.03184784027743771,0.11036839595304158,0.20032295420535107,0.18197126032521888,0.12240620989126536,10.4534020701186
13,0.24098172538332888,0.10203934085696786,0.08243208269176797,0.08554742372446188,0.2754418945897417,0.015394662735936324,0.05182582403289728,0.14633704598489808,10.375652549483995
14,0.07413179593515698,0.05017526695319784,0.2884488056467778,0.05249025574539899,0.12248831327854087,0.17503250005493476,0.15116043201415194,0.08607263037184085,10.51108996630757
15,0.09706929059774018,0.09230256845455694,0.10947854114123168,0.01403314150670484,0.042846385929333694,0.18546783818058546,0.1858803114394467,0.27292192275040056,10.556069160333204
16,0.2425637964883862,0.19532893679725613,0.21760544506509563,0.008402076328813669,0.17436915639457165,0.09367093964589225,0.025307699222516876,0.042751950057467694,10.09128028278313
17,0.2363569377065831,0.04153026734193923,0.2433861346501682,0.10160833321549932,0.07602421121214471,0.12516177647738683,0.1549180005328537,0.02101433886342502,10.373968373919794
18,0.0788474047272593,0.1531050538036699,0.12063215148308151,0.05865002447185127,0.1564797779482634,0.1582202072556632,0.027098244104265628,0.24696713620594593,10.602386343046774
19,0.0026090425135573895,0.08365836787521261,0.20837532838655876,0.15960823831129844,0.02431187466695555,0.1673467346576085,0.09923040535097144,0.2548600082378373,10.040095630800561
20,0.348381703650054,0.16607458948636075,0.0762157015131406,0.007294379241559722,0.08662580137194334,0.03790695554518743,0.19318627005104655,0.08431459914070773,9.982100184301713
21,0.01639584788373508,0.11453648550657898,0.11734487739256959,0.04046208554236343,0.2511370873293487,0.23003527825308023,0.10286591375696558,0.12722242433535821,10.478991799615159
22,0.24008570179946198,0.12225456455446813,0.012021554711814863,0.19779888527398462,0.11887404245289611,0.13824628457121163,0.057167851885322044,0.11355111475084075,10.158321953319405
23,0.09242568108439846,0.10991069864336538,0.04555440302317517,0.2941841647876904,0.07901314688221733,0.14206273640404696,0.10359479483595153,0.13325437433915474,10.388776526535391
24,0.2289077899211713,0.06305707510319679,0.06967209205993904,0.10258520432347669,0.13615482060904985,0.07825375373143337,0.018325594562623254,0.3030436696891097,10.413538794592355
25,0.05510926153635213,0.12238826707111294,0.06886878738360659,0.1919781821980383,0.18275677364537488,0.02916124427534554,0.15157765576713067,0.19815982812303903,10.38487371252421
26,0.15669211492633334,0.05131609428292599,0.13421951544499436,0.08877144999670152,0.0851385566022078,0.13394288637125282,0.1608910760151153,0.18902830636046888,10.701626995739375
27,0.052288285115397674,0.17810780188467965,0.23634168779571102,0.20870312625979467,0.05483737818897578,0.06260305894697807,0.16853697177586432,0.038581690032598814,10.444357921143563
28,0.1742150333105044,0.07244376635600008,0.3092479012004085,0.11655174374283675,0.17969242837548746,0.05946165007497219,0.00945144582145915,0.07893603111833136,10.210985572258782
29,0.06852848561280112,0.11937048200837136,0.04699989920278096,0.12503432444080498,0.08104477137787162,0.23485075490180848,0.11954445486108992,0.20462682759447154,10.64658632370973
30,0.028176682260702947,0.06774946123576145,0.04739939377967913,0.34081398439228794,0.11088574073406379,0.071491543033709,0.2413928417784364,0.0920903527853592,10.289442521418364
31,0.024875322406391516,0.035112284868034735,0.378564258439426,0.04186636777228201,0.058964484042204585,0.18362632547064922,0.027018167592954077,0.24997278940805798,10.123642136247144
32,0.14276152779505072,0.030036184327423988,0.09325511382199712,0.00046385004178632584,0.10892159011989182,0.290393738043581,0.045104586601439615,0.2890634092488294,9.859975350477285
33,0.14261385140742774,0.06764590213517223,0.050186973135109954,0.06879498419082979,0.040800929703994314,0.19631848722814974,0.14109847542503728,0.29254039677427907,10.548182023338004
34,0.16555465948703252,0.12825076749622505,0.09245338693599198,0.034004384198088676,0.07299122994944515,0.15709036626300557,0.1458021816523325,0.20385302401787855,10.348930084757438
35,0.09777250321873189,0.18712399046722306,0.07622631321312036,0.09079594410981694,0.10406476824808243,0.16879356947258142,0.10459421580406139,0.17062869546638246,10.886002404709048
36,0.22650484349027286,0.315676118562897,0.07240141000495898,0.084655582074035,0.03403616119334356,0.10863059455673822,0.12807305695862997,0.03002223315912433,10.39965940498041
37,0.09281324951715553,0.20041932821824612,0.1081149772612145,0.17885653267629015,0.06489867581125572,0.03409806771755325,0.07369115734202732,0.2471080114562576,10.228464462071253
38,0.10850597305317711,0.06466548088259333,0.1722250150231062,0.3496225479418334,0.1678678618699848,0.04253916623040764,0.06719043296570298,0.027383522033194444,10.220987449620077
39,0.02334372874029044,0.38453647071449387,0.3009406697656532,0.12824434326509263,0.06017666342847043,0.040429503494116996,0.040918115316555606,0.021410505275326768,9.980224554131722
40,0.008264084222283101,0.1079913718621929,0.27186336989721854,0.011775692012804088,0.168583358856958,0.060460374458069094,0.24902984846910636,0.12203190022136798,10.329699857685352
41,0.11665150158810608,0.103134558447969,0.0947241244012608,0.20043476401436214,0.19058879330112033,0.04380646225402206,0.23221032700855854,0.018449468984600967,10.56074383075007
42,0.015316744773444258,0.17797123965169354,0.22242463976647553,0.0536140434071289,0.12005542577121864,0.11729170002754472,0.13060997799082763,0.16271622861166687,10.56600254226284
43,0.03751335121957447,0.03833876287258333,0.37682747882793555,0.3188485641466205,0.021447640980876245,0.055865392266233625,0.09591615882422247,0.0552426508619538,9.877598355625755
44,0.27294508557786945,0.060508027091371354,0.19387149478556215,0.10648202196692366,0.09577533193735613,0.0686416992870234,0.06601615671006304,0.13576018264383088,10.543157140675394
45,0.013949408654200522,0.40703464635424835,0.014688355575650328,0.17590316840850245,0.1629788309253666,0.10751775957707062,0.0198156116707883,0.0981122188341728,9.76148022981358
46,0.04883878062983516,0.1504742000371159,0.3452802148423293,0.01965090572113569,0.009691704360676498,0.03147855187140883,0.17821597605916445,0.21636966647833425,10.245862076194303
47,0.13413065929004056,0.19318966205409047,0.21473357565693407,0.056327032789034906,0.24410415954597053,0.0005049560696596039,0.09618661837906124,0.060823336215208794,10.025011376225759
48,0.04954675043765935,0.07194668951007478,0.3448620636742324,0.023004649814316172,0.08757702024793632,0.07025088697417753,0.27363059807289264,0.0791813412687108,10.179725837847062
49,0.22655586243433964,0.022120585941315933,0.17938974397599988,0.02031588409170012,0.20911632354281823,0.04876215907373855,0.10498001657598385,0.18875942436410398,10.298808825263933
50,0.3170905525064711,0.0253708385757879,0.09798815309136231,0.1392205010617501,0.09208620835588632,0.0990820453182558,0.19467289611464025,0.03448880497584618,10.46256439971204
51,0.0876457632440885,0.06362156130667075,0.047514388257803526,0.05422039801635332,0.22339717347630078,0.04541623339303019,0.450010168277364,0.02817431402838885,9.59967461512435
52,0.019228768219852033,0.12007277093541216,0.13469955753891852,0.08966149932135817,0.3796643844263736,0.014788031913270102,0.12996954986465056,0.1119154377801649,10.23541911532078
53,0.06373587426333041,0.11755527375650165,0.08895324302590589,0.1598707888428914,0.01647913839476408,0.08886068953546183,0.22146665509062485,0.24307833709051996,10.288056473374379
54,0.12302025806537181,0.34581128285653817,0.03940072240583186,0.0670065452082574,0.22014930053802337,0.13294801931249708,0.05076968146067898,0.020894190152801338,10.496585610295172
55,0.3087237913164683,0.07002793746534934,0.22631897924536815,0.05063112743006088,0.032399404300449616,0.0618658987872189,0.2237952043690503,0.02623765708603453,10.26121062201878
56,0.29379699435782297,0.021540088976401393,0.13673695271248582,0.09391735345223799,0.08851528652679849,0.11457701036865199,0.13120765976451848,0.11970865384108278,10.440252398022082
57,0.1808580843064994,0.12380239665565235,0.02107610380557555,0.21214724742668997,0.3247667796191294,0.06630035676518344,0.025311376184536247,0.04573765523673359,10.212282630221353
58,0.0496718092116642,0.27989660565679625,0.1250247755106887,0.3314087318546564,0.0721202832935087,0.0644583363590604,0.048374320821502934,0.02904513729212244,10.15126869513974
59,0.2596883075480948,0.0769868710128078,0.07341864549015112,0.04785365800628729,0.03098392158363746,0.2559552541639328,0.02710760805725231,0.22800573413783634,9.990445827465795
60,0.05628509366053665,0.04693016587737188,0.13107207934444212,0.32551468168191916,0.1684136592373768,0.01892540152563209,0.10226175934534178,0.1505971593273796,10.230428856713845
61,0.2793582397712067,0.050313857855583274,0.21490107375729836,0.08980830615153854,0.04677563201154502,0.08218999977300664,0.09933325123003503,0.13731963944978637,10.493085647030238
62,0.1593206616508484,0.08103160825579787,0.12079996269997194,0.038939061967228,0.16661021884162827,0.20779857688115955,0.029611294366180242,0.19588861533718568,10.53443849987885
63,0.23492572689973237,0.046467323582141264,0.07996686183806392,0.10973910189020535,0.06309742545135044,0.04867477775930423,0.284385944876775,0.13274283770242742,10.196030690109495
64,0.15058418491817305,0.2006420822325939,0.1654170114430778,0.008860991718561093,0.17108992220675726,0.027707711445826448,0.049298967823482934,0.22639912821152763,10.640362121322866
65,0.17550486878102198,0.10809881595830569,0.07112035652257356,0.06011001075567008,0.2283969587956229,0.1502624527772194,0.10905551950498095,0.09745101690460535,10.61821616612555
66,0.00378963795071581,0.020108312591631566,0.12195270635182123,0.08030111035786454,0.11818795064616246,0.3533319719236408,0.1895636990363893,0.11276461114177429,9.928642481088378
67,0.1631711239291032,0.2777398873456371,0.16327053949774886,0.02902296732897811,0.13495600356849263,0.09046119535805461,0.00703330360361187,0.1343449793683738,10.112323604939615
68,0.029427735677582615,0.18534830814080946,0.14029338435328798,0.010306692324625714,0.24366269683636965,0.05145276272688394,0.32914638889687886,0.010362031043561698,9.77171786024831
69,0.21490384189308087,0.08013649499570254,0.036554127065497065,0.08146386004562414,0.1894317394126134,0.13005859992176824,0.07899936964695842,0.18845196701875536,10.43322203322216
70,0.2186270327454749,0.04337690295353011,0.09293009870453442,0.1321534330974937,0.07320050454524922,0.1475932111712359,0.15521711741144267,0.1369016993710392,10.67843470441548
71,0.21884331353242298,0.2574478581804543,0.106431793147488,0.08023279574907316,0.17928563026551667,0.04223994291613248,0.07916061498809793,0.03635805122081458,10.491388690109797
72,0.24051523394542507,0.06206344953695542,0.030226977553471295,0.11200047712883583,0.20331450900201517,0.1730309455191665,0.11291719326610647,0.06593121404802421,10.540642045041858
73,0.06185016055734975,0.1902289215716712,0.04227664984467444,0.22208800373101373,0.04416276776786136,0.07293901993942167,0.2994194152005973,0.0670350613874105,10.33485334763886
74,0.22212529154165153,0.09546417659507649,0.03625995157424199,0.09092073689155908,0.013361104382564342,0.3342703369444098,0.028264997968057787,0.17933340410243903,10.07804715515941
75,0.20963737792820966,0.1416380622592615,0.01802899773631706,0.04730714637236787,0.25225550146497566,0.1457091147798348,0.052925990091533336,0.13249780936749997,10.24535723008515
76,0.11610793757170654,0.15517443744691184,0.18479508035455788,0.15519776579901554,0.038309673383666,0.2671893493324644,0.024321398524565392,0.058904357587112315,10.404865300556636
77,0.012226248882544782,0.11933466509430085,0.17459474519367832,0.14041364388262711,0.12338520886919747,0.16476332187906748,0.07782770581585675,0.18745446038272714,10.519081720363511
78,0.0915263983106702,0.056073143104444195,0.27774279446336747,0.18959918941867804,0.047406550141556085,0.2510324379794876,0.06912923975972661,0.017490246822069632,10.105447343916483
79,0.04749520324532126,0.14850936946504983,0.2607348395728855,0.02663347573204033,0.012951976256421438,0.3536565885986464,0.012516724449794129,0.1375018226798412,9.855891625519334
80,0.11669641150332402,0.025982098065578663,0.31960662515598776,0.005758448760814393,0.042623396129432306,0.16861966322029232,0.3093056503672646,0.011407706797305907,9.81971498365327
81,0.09889342888609758,0.2871043395297449,0.06513047232530733,0.06473402046726057,0.18853138260576427,0.10644062412840659,0.08748537621831481,0.10168035583910393,10.677188631110624
82,0.3143285416412738,0.01970521699661605,0.02728643265139056,0.023921700710550605,0.09587585063584299,0.054214825447271714,0.06601799842448215,0.39864943349257215,9.742523666190236
83,0.35470670816865657,0.00846921257394271,0.04863725807293189,0.12744696722681065,0.0837236220300596,0.0305578132775669,0.0508955544323726,0.2955628642176591,9.913330603198986
84,0.009412405763283975,0.03746833804491694,0.4168516303801091,0.0014393708816052547,0.0271752954817446,0.27178061829352596,0.059333827857729164,0.17653851329708503,9.385312040374858
85,0.055665765336196285,0.12449000182662118,0.08422246308170342,0.13456913228644318,0.07793114912504538,0.2389879663740931,0.2644792043486924,0.01965431762120509,10.417161696295317
86,0.08055212152530118,0.22123010108017296,0.024452485588140494,0.12610791149259165,0.22589427981437843,0.07773070074608417,0.20241643342085713,0.04161596633247407,10.342968876624829
87,0.15458081697603546,0.08602130237137601,0.04568306834193565,0.002505826001605525,0.18705637968165587,0.17449174327963346,0.195841851250787,0.15381901209697102,10.32461642979974
88,0.14710581945508633,0.03865713835608104,0.10485358148759079,0.10785790974838297,0.06033589557869136,0.25460714565284964,0.17581307548039637,0.11076943424092156,10.685500045284469
89,0.0073742459775932205,0.1656428659233808,0.024304909857645583,0.17064329617648116,0.3229843307976301,0.2376627268968576,0.06008717582329414,0.011300448547117332,9.903344227280254
90,0.21364181287564665,0.1906344616921573,0.03601598035705236,0.28510422199593666,0.06120730028851603,0.007607702630022968,0.020413938888861432,0.18537458127180662,9.970604706111752
91,0.13592594171123693,0.09449717849882576,0.15124151597860355,0.18000555090140324,0.29103300495018736,0.06603309038225781,0.0033208215258352224,0.07794289605165011,10.026021190798463
92,0.05086676145751021,0.06774141394767062,0.07371916825072128,0.02111001145900429,0.07604595238826607,0.2846259200987075,0.08119062634823358,0.34470014604988647,10.174133713437849
93,0.08804121255319668,0.1824006162915084,0.08171340727191653,0.0896128807333911,0.15105159074047828,0.1559929590518118,0.2334187598978839,0.01776857345981327,10.548351245970402
94,0.01671353554752051,0.027498645942147782,0.02571925309053192,0.3078385954976883,0.26891547757446677,0.06409976193074411,0.005400105980757317,0.28381462443614325,9.640539566787503
95,0.06374513257161642,0.028880774877916546,0.17888517064578566,0.1086009211453485,0.12321925963276875,0.013842214174481374,0.2812629235518687,0.2015636034002141,10.11737707772059
96,0.13433603106109804,0.1767120249513185,0.08952869753940092,0.14226413755868353,0.09372435125601192,0.13597513150321996,0.14110899301616886,0.08635063311409845,11.029542540028789
97,0.047244521609013795,0.1880001082022297,0.1757061243044961,0.11031761047474434,0.11287977811473512,0.12189121897516704,0.21230461237031995,0.031656025949293974,10.660085406486592
98,0.02174710807449238,0.008792855513713733,0.13674530720874226,0.04655026151631254,0.10837165386805489,0.33928602474377856,0.21060041448807276,0.12790637458683282,10.353935763036679
99,0.36335858264577375,0.06697855648102294,0.07148118212900824,0.03721691025175993,0.21905832476133255,0.005159556159367761,0.1197208059811514,0.1170260815905835,10.18541263878231
100,0.013560922262336909,0.12926851915993504,0.07235167882624108,0.1095073589476146,0.06212085595931912,0.05069253097675904,0.21303747240101395,0.3494606614667802,10.269045452390083
101,0.2175171427675975,0.06514915476291057,0.1694796947625429,0.010856992661592456,0.09888230168051679,0.34495578487408063,0.0335106997092792,0.05964822878147988,10.190640886457087
102,0.27926027591260266,0.023003278124334465,0.04455390846347186,0.009570722734848632,0.22126591870729276,0.10857335806258231,0.243293056112761,0.07047948188210634,10.019418072532897
103,0.13691644330989647,0.0015176207309161355,0.09083967884795024,0.02441716499648715,0.14162038813873795,0.16121026733500576,0.15003771486160453,0.2934407217794017,9.928092838923513
104,0.08070862484335466,0.13855443333525616,0.26633308987931525,0.010465936433357139,0.07090003216522237,0.021990414346622127,0.299513607181893,0.1115338618149794,10.12919531610017
105,0.2523102933042729,0.11921726949799195,0.15371845471337903,0.20504140598531015,0.10142283227293611,0.09136739257193635,0.0623082725218358,0.014614079132337738,10.521053725469365
106,0.14806963797359984,0.2785231945656143,0.1081126669702177,0.06843455743787392,0.07529033721531292,0.020115801987930837,0.1711913127499595,0.13026249109949087,10.296032904241345
107,0.06529746807182911,0.08106408782882665,0.0434292164838973,0.23945578040459722,0.14819445255633584,0.06224536927697422,0.1340492451528902,0.22626438022464937,10.453788371637948
108,0.01236437338577135,0.07355321417987529,0.08795593062462069,0.003620772472639454,0.25069171216626285,0.23939799947819076,0.19614130041719513,0.13627469727544447,9.977865210679589
109,0.24328151429525985,0.041449621908792575,0.007580716245447828,0.003192795823894354,0.010397377223029967,0.09827596091737519,0.024527399198043393,0.5712946143881569,9.07016079319568
110,0.055694292501854446,0.07069562504614214,0.025555416437444398,0.14713692666300068,0.1933273344750747,0.024046886060490703,0.2792267196878217,0.20431679912817122,10.290996586853392
111,0.08719653485745509,0.25477958339712525,0.08555695220667736,0.0879697846644631,0.11187188611229491,0.010980747868644324,0.17366293823266876,0.18798157266067111,10.260958610353685
112,0.11876099417321362,0.033633637061326604,0.06556814513678884,0.001051451161956286,0.15824179055359405,0.24587828003925766,0.3124107194712815,0.06445498240258142,10.038908105197315
113,0.08840155458961603,0.16145024943170783,0.19514458518479144,0.27746399540436656,0.061491259570259395,0.06971966593361405,0.012535882524659986,0.13379280736098476,10.15343184081197
114,0.14978188942223528,0.05610987050135218,0.15276868487925752,0.055289438575358216,0.13370607831966397,0.3626517474913345,0.06395160503196984,0.0257406857788284,10.391266143053972
115,0.26465656738438603,0.04531861657240314,0.203113732188205,0.14630248439258461,0.10746393174152977,0.038040983439118915,0.18110240421660737,0.014001280065165224,10.142308867631236
116,0.058333995113538734,0.01354422637239601,0.058040937712924914,0.23766311476120525,0.23695818651317907,0.22739887689732943,0.1402487646668083,0.027811897962618418,10.345294735143804
117,0.04498220696283004,0.041451868900327975,0.19937130744626683,0.10887354618740717,0.008105601955942506,0.2123081544500639,0.14417192716140192,0.24073538693575958,10.373083517248102
118,0.10082206203406521,0.03628541970904352,0.20396900406248225,0.2552923005298197,0.003812933319226957,0.02838426644644491,0.13944568266225021,0.23198833123666726,9.876127513432237
119,0.26354932553016225,0.18954902130093398,0.03464816393590202,0.24107522531000733,0.029242434516100514,0.08794698263031403,0.12547056240235957,0.028518284374220427,10.184369969684848
120,0.07402847931345136,0.1779055355536234,0.16420318137931528,0.08563285410155405,0.13036579447719776,0.1628730855309618,0.08380869038438034,0.12118237925951597,10.636335526581737
121,0.13693114387660515,0.17876397218151835,0.01420110460790268,0.11366514112621003,0.26440956537671373,0.08304943869988189,0.04786227419170121,0.16111735993946708,10.59220459799403
122,0.1966305580445952,0.1753505425749434,0.09971121066855512,0.16173754825394665,0.06959543076168839,0.12884878480550008,0.13046149476091004,0.03766443012986112,10.511312312481113
123,0.1460379071655902,0.055202765373446545,0.20579702838231073,0.18785299154836685,0.06338487826342602,0.11779214683208582,0.17449148877447568,0.04944079366029827,10.452867079875228
124,0.1110936464901487,0.019435130467703933,0.0493042855392309,0.14927793711670717,0.025402817951081725,0.24977072865370784,0.10252594930683925,0.2931895044745806,10.417552520912107
125,0.1039375014887705,0.056485645628135725,0.2277651408043829,0.1502602777372812,0.05654662887049495,0.13611436030010843,0.19358183896247178,0.07530860620835456,10.738823180700098
126,0.06478844536964869,0.2629481971883295,0.054764221033327176,0.04999530460584804,0.21697374117226734,0.20599653231156992,0.12431892142183236,0.020214636897177004,10.429905480531126
127,0.28179182337321507,0.09852510008192578,0.12073632187057813,0.25517293189935997,0.03391287291026438,0.06544679326058643,0.04194835151702075,0.10246580508704965,10.339315728054196
128,0.05466498900780198,0.11320052305167329,0.14281642172015846,0.12215565159726721,0.18096655321391558,0.08880445622138511,0.1233035364125471,0.17408786877525123,10.693231636908124
129,0.09602491438697518,0.010883323465225239,0.04251872660274446,0.12666962660011102,0.111136539915278,0.15883317315360343,0.24567426286466726,0.20825943301139554,10.360969181795797
130,0.18200711329828498,0.1772523002254727,0.023274310656499746,0.11731548126129442,0.08812376829040984,0.21580635952585106,0.18237989112179087,0.013840775620396336,10.27423590987965
131,0.14204975810078102,0.25376790386509535,0.153806864894927,0.17371912532618697,0.08128787754514505,0.04669020631269397,0.10164843576577934,0.047029828189391325,10.533546960070613
132,0.04708507454888583,0.10643974124732986,0.11114526412007927,0.0565588661642342,0.2855243645925712,0.06623465036876985,0.03388917360578698,0.2931228653523429,10.227396110987414
133,0.05452297167464642,0.08814104681645325,0.029029769444428134,0.23211384044326125,0.10385319880555485,0.18100572146885383,0.16500669948315835,0.146326751863644,10.604300167757856
134,0.0007852212668467456,0.024726265828186524,0.2512071435322175,0.06343508465109679,0.24156242319615684,0.11259803304162225,0.21598676066886668,0.08969906781500672,9.875624893889102
135,0.11715291275203298,0.2861574944324987,0.0458499059658556,0.06379447484872608,0.15612076122098711,0.03731106026245423,0.09658145688502773,0.19703193363241742,10.284933996391672
136,0.05487928437560827,0.2475540313803288,0.11460835808216459,0.1295192794613723,0.17436729909671295,0.1410412694797714,0.04676690514037143,0.09126357298367035,10.654247741041152
137,0.11160555338181362,0.18919483127927772,0.10209964194736346,0.0692275200720171,0.3096497918002676,0.07914001089603644,0.034760735897520954,0.10432191472570311,10.574718799856281
138,0.2057632154421118,0.09955773349789458,0.11493720388665701,0.10071600355336038,0.0407610243669389,0.1698215141959382,0.0740771152314304,0.19436618982566864,10.478961435716792
139,0.3625102516650922,0.008338036683266414,0.3219973958805623,0.1963908536208482,0.04304954994389772,0.016087893679873216,0.03176435216872828,0.019861666357731626,9.682924410169868
140,0.06822920320881079,0.16279721531930472,0.2458055510433364,0.028607484502350213,0.04083057707914696,0.062352432162310546,0.2500667377557528,0.14131079892898757,10.355690602601413
141,0.08025212979735254,0.20840620749516112,0.12006448170693272,0.03653251853782393,0.06965913028990202,0.06967957891376286,0.1641167067373145,0.2512892465217504,10.5338410373627
142,0.07393638809714166,0.1606397072760434,0.0055173886437605455,0.0743977538343972,0.29602719900210417,0.2950676735383583,0.059333595978363324,0.03508029362983136,10.10725580509094
143,0.09095970920216792,0.08967927105928046,0.20056929520337097,0.2733313296980185,0.14419405413992134,0.15832007148964863,0.0045796642080789575,0.03836660499951314,10.155929415782012
144,0.04003249463037323,0.24837030541572175,0.27568819268274053,0.05816436343864719,0.18373137290888172,0.037707457013102894,0.08535260011371516,0.07095321379681763,10.43731427103138
145,0.07663482536777078,0.10728804783561688,0.3172098512583952,0.00976942067255457,0.14048687748536778,0.00023082598163790897,0.23264135862357885,0.11573879277507818,9.903940663942542
146,0.04171380794447955,0.1370124706232562,0.11443567604350045,0.1582414866588977,0.1478369567655223,0.04082080210900584,0.2907278263327187,0.06921097352261925,10.361867703129656
147,0.04056907964399248,0.03845016677834191,0.12367506884911113,0.036004600696448244,0.09560553571334732,0.43960274721516973,0.027792739936481927,0.19830006116710727,10.093652976033908
148,0.2592947780826987,0.018378747335966675,0.14044765850415464,0.2531164656426029,0.019482583560791196,0.08335281025510015,0.08964109859643431,0.13628585802225138,10.194385438607506
149,0.11235101312154352,0.060247678776692605,0.24027102666509248,0.08608579061755181,0.08784059680338,0.2555254732237818,0.08747375595834485,0.07020466483361291,10.382106851425604
150,0.24948070598367983,0.02457198629151374,0.16656659915383826,0.03851838729639459,0.044129436244760005,0.13884517791859904,0.14528372999601172,0.19260397711520283,10.577743773809633
151,0.1286655181644607,0.05340304443512541,0.07566441956194447,0.03424039818886499,0.02056814522693204,0.16443472638014386,0.3989426472745995,0.12408110076792911,10.15439321396877
152,0.17485398021839813,0.15775729697913068,0.2338599518469942,0.017050701047324063,0.05752195636375743,0.23495706802421273,0.09629392004462102,0.02770512547556182,10.4698751144611
153,0.05743075191298123,0.0538386372954658,0.23040636164458927,0.08423060597218798,0.09756778528782109,0.332112390843958,0.025298086879724475,0.11911538016327206,10.282140809823021
154,0.1228920017086373,0.20649546974938193,0.2148538214375416,0.009194616322770367,0.0737859594875627,0.15464749012562407,0.003752272436967448,0.21437836873151467,10.09845020974138
155,0.0946827854467993,0.018680670260681098,0.09721885503911819,0.22122795585259405,0.1884303983816656,0.21755628030743024,0.048649799799405806,0.11355325491230579,10.30667396029534
156,0.08522700567670996,0.06905440185931819,0.033326297458438736,0.15519503504287788,0.1978564719163358,0.0009337443299047631,0.3023142739292962,0.15609276978711836,10.426169399136938
157,0.039736298155769796,0.057547999704668805,0.30342145225969946,0.02334928385580639,0.32612822641334754,0.18901657071793346,0.037536199790782,0.02326396910199265,9.959175128589276
158,0.18300336221397898,0.022323122727746822,0.1359862036597964,0.09767350868676163,0.20355097459115384,0.12475085124083986,0.17702088925292453,0.055691087626798,10.521885399830868
159,0.06574126549345413,0.26915123608457436,0.009936178822469376,0.07510836381039668,0.145234160832524,0.08614477683416773,0.31505878949620497,0.0336252286262086,10.334923282359537
160,0.052893850421297635,0.1052536439660605,0.3397417121890389,0.07142912557858969,0.04843763297805361,0.2133080947703217,0.12991596101287475,0.039019979083763166,10.324227001456189
161,0.043600655830227174,0.03349623785008524,0.3833842382191138,0.05481365331709222,0.2014539162706776,0.07887984209876607,0.11044113678388787,0.09393031963014986,10.265321396106952
162,0.02245780887050406,0.01875389872062399,0.04829368879637673,0.44589830710495654,0.10343327912980645,0.010826462954553091,0.18269406111334152,0.1676424933098376,9.731254172641389
163,0.012315773346198638,0.21059226653647936,0.1481859094470322,0.112415185334581,0.14066013608446765,0.11502349220280136,0.21509398968539417,0.04571324736304562,10.720370484509509
164,0.2424278324072428,0.12533642092565472,0.19455297341167652,0.17149986686850804,0.09699560345646006,0.00032366440218128414,0.017906169847394307,0.15095746868088228,9.839806542431397
165,0.07944388212649199,0.10636329138400114,0.1587044659670055,0.1230720233082989,0.043540411074754405,0.11281590034730545,0.26706276328266826,0.10899726250947443,10.516089060580779
166,0.20082958603135198,0.01875792972792137,0.11229105112547834,0.15698054785585808,0.14338475383790786,0.17701186998787583,0.043560216628071864,0.14718404480553463,10.397646804776594
167,0.040894102583604,0.2627180098479092,0.009752776313203811,0.11186856067493582,0.011255382615484094,0.2566988697854927,0.05143278241224547,0.25537951576712487,10.108790338296387
168,0.06995493820989158,0.018922772383218732,0.10365165257176662,0.10637292372695327,0.19012655101880804,0.3245572528337362,0.09287720366086052,0.09353670559476496,10.388468945237543
169,0.2873981549241985,0.20203482233320497,0.050187797593341556,0.11068146723042468,0.07620868001101057,0.07150935447900872,0.17433692111100607,0.027642802317804898,10.381531956113477
170,0.18848142546677246,0.07406716657752357,0.07384517533824085,0.11615172846470276,0.1783071861048754,0.30384733580767354,0.04691336043159434,0.018386621808617023,10.318364025797948
171,0.15758072909496287,0.012507724999965936,0.23441264007277768,0.08934986166432285,0.20036657146599887,0.1759804726901081,0.011991287291328123,0.11781071272053545,10.302548186252666
172,0.029982598652146385,0.05997226785031711,0.45389719075244783,0.03065202605081054,0.07863853205391341,0.13201634981599922,0.11569773323375562,0.0991433015906098,10.227037567558511
173,0.05703090296674685,0.3104646942311468,0.004050141059004307,0.17158494329819138,0.0564239160498059,0.04692075343608428,0.21966719168687457,0.1338574572721458,10.007817704503177
174,0.08486942268570137,0.07810936111902653,0.037261162010366285,0.2628670145864303,0.11190095649481452,0.23161274052810799,0.04423657681207022,0.14914276576348284,10.400116570816532
175,0.06854886739066011,0.3080758182207847,0.05117217845007507,0.2341750857961062,0.15632628586326286,0.04064134843545431,0.007250295141035744,0.13381012070262097,10.139132669310477
176,0.0959494293680947,0.13836040195461705,0.0954726579059107,0.2802478916765509,0.12089686181554128,0.06875003134816039,0.14961434396618428,0.0507083819649407,10.503766556213801
177,0.09861209940824138,0.2328007697720249,0.05587649515397746,0.07396620639533005,0.1752238094110119,0.07912562571062867,0.16897510289425352,0.11541989125453214,10.611152051938973
178,0.3090702652741195,0.15583711833622416,0.15168336733076035,0.15975300377777776,0.14258522562910725,0.031149598179675962,0.00540448900371784,0.044516932468617036,10.374080642977772
179,0.07932847192524528,0.1778862804386671,0.15462974061695609,0.1413881985233165,0.17120830877741738,0.08572483291663048,0.16743112222556406,0.022403044576203252,10.804436692684142
180,0.1714439153548137,0.0470147146287278,0.1869001576549632,0.023154955553038727,0.008275944058565304,0.05252466169429204,0.21839021629901753,0.2922954347565817,10.461286045452752
181,0.0433305978235705,0.12102959250513268,0.13113555198333854,0.05284265716492694,0.2533516568745032,0.1604509743979555,0.05408129868560194,0.18377767056497063,10.320896492659173
182,0.05734876583548893,0.09437967887274594,0.2350926913374239,0.26772319322803384,0.05087734409680185,0.10616862878253602,0.13037148267702028,0.05803821516994924,10.403747485599892
183,0.09810501677937246,0.28394587983083075,0.005582048462105709,0.10734115505768636,0.004352497091156777,0.2938131533483776,0.052671740040506926,0.15418850938996345,9.82621525696911
184,0.1547409107455547,0.14097611321924197,0.012457188450754565,0.1335586134551357,0.07265952607140055,0.013870404490769329,0.22489545378852557,0.2468417897786176,10.372405772291149
185,0.1687818378469653,0.05320269384134286,0.014941475758364338,0.07046581564209756,0.1328974157040741,0.23067222222834116,0.14272316847489802,0.18631537050391656,10.384172030241409
186,0.16736186947110696,0.2503901669628338,0.13296769454881047,0.1368674582258174,0.036284020860998495,0.07413806019533238,0.1268028104351006,0.07518791929999996,10.529153833438055
187,0.07690480184276621,0.2288731627207704,0.09462119073976237,0.002219658109770077,0.039698777136869784,0.20872322822553208,0.1584014016474931,0.19055777957703596,10.224133740390798
188,0.11773995862806842,0.00305000531696179,0.038367237001827516,0.10858466255272721,0.10262378057309335,0.10712410594208376,0.1708892206604804,0.3516210293247575,10.108143288561276
189,0.13482794612370455,0.15086696564969582,0.19612204602636613,0.05685202128333118,0.08201806748905152,0.16306871827549066,0.18760816665516428,0.02863606849719602,10.506753940712532
190,0.03682132173767925,0.09667281254249409,0.23097291140850795,0.09850088399690746,0.109676909587106,0.032128316663746624,0.048277023977643455,0.3469498200859152,10.352740989966124
191,0.12394085280862752,0.09541205185736262,0.16455620206385044,0.07686812304257555,0.12449980521666267,0.03670460399477095,0.22265487551612828,0.15536348550002194,10.67567946021492
192,0.270215456542361,0.07100517430269258,0.2654504351211124,0.14170910126661868,0.03540536465869184,0.07883979690996178,0.10913646033970835,0.02823821085885351,10.41327690334835
193,0.1393233075173355,0.08127497195306269,0.04227274622904842,0.17131112937022952,0.016515463696861004,0.13032619681754948,0.28557324391642147,0.1334029404994919,10.360764883136783
194,0.10905552508670062,0.13740756876152824,0.011970339227370886,0.023461166882764544,0.12287568616593184,0.20986740222069517,0.209688453222314,0.1756738584326948,10.417141838835665
195,0.16811235704345429,0.10337771760767922,0.18830556178889105,0.063710037424721,0.10843075311515896,0.1172052718368241,0.14708013757153973,0.10377816361173169,10.361330578554934
196,0.10630338897452161,0.1644462606967523,0.13346281830570655,0.039180575142366406,0.1827401772493527,0.07219610785407872,0.12432330554332235,0.17734736623389938,10.571228690907585
197,0.0675285219639794,0.0706954802525129,0.005361297389865219,0.03932795292161078,0.18464159055521254,0.10023779233414674,0.40604895197851393,0.12615841260415853,9.673959317364528
198,0.028604170075625233,0.24507399728797966,0.0023196705418431452,0.02768502901588235,0.10633373884968671,0.28994927498812545,0.11549315173847986,0.1845409675023777,9.920368829451744
199,0.025625888034621545,0.26682318791931325,0.08076808036725651,0.09936658232117003,0.053493309911168956,0.04189579176721149,0.3349859127749743,0.09704124690428387,10.431094177341915
200,0.025941497142466106,0.03285093567146756,0.2195599430628405,0.046861424902799036,0.027602588259461963,0.35265052099822736,0.2912930923208495,0.0032399976418880055,9.414414774494588
201,0.013282757951857469,0.07341993134763383,0.031539788103511324,0.39225949197325655,0.0036495589200542422,0.1631221310116973,0.11173660297535094,0.21098973771663843,9.878350261357195
202,0.18737821693479526,0.042303670488399385,0.14884891951654733,0.008369919659782406,0.19152529014890898,0.052723459190965515,0.1687303836084884,0.2001201404521127,10.433617805531249
203,0.07249229859824996,0.06565608868810044,0.019156296378582693,0.1707351938446792,0.06629783893226,0.34472968145014193,0.10622032850209734,0.15471227360588843,10.186630529514721
204,0.14188442812670118,0.10360348800595483,0.3156897502596728,0.09053308362693897,0.2274147660207475,0.07347701816117846,0.04348272377049248,0.0039147420283138215,10.086103297819763
205,0.05935076430619292,0.1404957879528532,0.015382664769807932,0.14332765059066854,0.42000305942010685,0.04950508190100122,0.0475019776790669,0.12443301338030237,10.038891278708808
206,0.28251648371539934,0.16380487119493253,0.14360861203387404,0.10809028956990833,0.0027562114686775483,0.049509456238395866,0.16485946004344562,0.08485461573536666,10.23028744514723
207,0.08471488877880702,0.24907124383153972,0.012855980310081989,0.07333159247910853,0.18671732695182053,0.09397495198108861,0.09689186327970543,0.20244215238784807,10.41411303524345
208,0.23680190496430104,0.07366435732738494,0.30709729605102454,0.016412876603697647,0.021489400541107484,0.07324053977301792,0.11530068133707609,0.15599294340239026,10.318604008337076
209,0.12966524980112865,0.0007160432810527895,0.004547376592245331,0.3874179636557053,0.15635583667483083,0.01999780168613851,0.11475382948490485,0.18654589882399367,9.602625163017429
210,0.010235164361307078,0.12014040443469759,0.12241969008368363,0.22010471843490761,0.22463153733704622,0.01729657320593264,0.19426012339101908,0.09091178875140621,10.130041687360084
211,0.009988155131470798,0.2908093439357574,0.11661096293498353,0.060874828924133886,0.12242860707218296,0.02636091897434266,0.16199103726239364,0.21093614576473513,10.148614716822024
212,0.2933095626679104,0.014631353070928171,0.06516499508284229,0.10217686637006933,0.17685033826612404,0.07141528967556797,0.08004308095075062,0.19640851391580724,10.246724256424468
213,0.08437513303886506,0.0845395469545558,5.208047461207277e-05,0.021200230663219344,0.3476431703393376,0.13911214909596248,0.22623089752387152,0.09684679190957622,9.676934138223627
214,0.03016514551998871,0.13381871351137226,0.10746142866064476,0.014311220104346186,0.4206263679701165,0.011663391976715625,0.1658780238686751,0.11607570838814095,10.005654030058215
215,0.09753072961058082,0.208626595428664,0.06389278685346701,0.16446286759599563,0.19547814057634194,0.0032299023609991405,0.18616970712701778,0.08060927044693374,10.099608723192194
216,0.15543433555133987,0.1260623237786193,0.07110269274638824,0.24844979584748594,0.09007593408665594,0.07787911514877269,0.07015225189969952,0.1608435509410384,10.64701841343265
217,0.2678571246348037,0.057055164172558216,0.19774376605090976,0.10225630317609856,0.022295223873709052,0.06907876398378515,0.05963048237097061,0.22408317173716494,10.446496396981297
218,0.19830585512254675,0.12455865488116435,0.039119544177330524,0.10489518735151342,0.201925846849785,0.02507089354329473,0.20963775795860806,0.09648626011575712,10.393581355975758
219,0.17873216122118601,0.20133789908889496,0.07615733361590167,0.004150317447151921,0.08013627679790128,0.013104776225506223,0.2399518032851267,0.2064294323183311,10.51441071925991
