,0,1,2,3,4
0,15.964218239924193,0.10706634976802125,0.17492080400325877,0.17819584384223675,0.5398170023864832
1,15.23589657492022,0.17364204313149306,0.2056917107355597,0.2564337538823366,0.3642324922506106
2,16.107291760800685,0.20706583881415175,0.21453114449376703,0.22493056266161204,0.3534724540304691
3,17.401758160795175,0.044074623837996985,0.16650606841030371,0.16838528667431368,0.6210340210773856
4,16.679944727614078,0.044139021114004244,0.18013145474057174,0.37489036156640343,0.4008391625790205
5,15.211708201620063,0.0431381889868756,0.11372742604006311,0.1726481330744121,0.6704862518986492
6,21.92187945026398,0.02643503183328688,0.1562959743781589,0.40196902016947045,0.4152999736190837
7,18.43284476847662,0.049001540935351494,0.1562018793219548,0.3143824089265864,0.48041417081610727
8,17.262424367977882,0.07646094105667778,0.13955032470609172,0.2911798534050024,0.4928088808322281
9,15.95157064756953,0.1478371411776306,0.1796564756402177,0.19453166096583974,0.47797472221631193
10,17.651036914769247,0.08758836290067115,0.20807724682108686,0.2456007965519416,0.4587335937263004
11,18.870103393803628,0.04017153804372446,0.2834775251578598,0.32291455564890253,0.35343638114951315
12,15.719129827282615,0.1529202212997993,0.17373842219806362,0.31739599754902326,0.3559453589531139
13,15.60869055296845,0.182973650562551,0.2473005110909186,0.25304762319929797,0.3166782151472325
14,37.323221016544615,0.007901806228619598,0.14039030966525762,0.29133715473703287,0.5603707293690899
15,26.082166606158626,0.016823756836354974,0.15345040793721612,0.20194614377190667,0.6277796914545223
16,19.6651155060169,0.014518769025062994,0.06599468423876616,0.30568712551805133,0.6137994212181195
17,1311.1323847993574,0.000121394086097104,0.0819418377700069,0.37839653254763483,0.5395402355962612
18,16.501169590504727,0.051750506034298004,0.18069446907452846,0.26918088990084005,0.4983741349903335
19,19.106849442534397,0.036558853212887814,0.24505045801485625,0.2525287172153885,0.4658619715568675
20,26.621768883378788,0.01639069251976013,0.30642848759094055,0.3119921665301846,0.36518865335911477
21,18.34596607049548,0.029598090761573603,0.14482138996983338,0.4079696374145705,0.41761088185402245
22,18.201320412213107,0.04233079597659734,0.04712914860960937,0.2902240357819034,0.6203160196318899
23,47.316856768513375,0.006384965065520443,0.19028834408932457,0.26610499833080714,0.5372216925143478
24,15.264031056165612,0.10169974578912266,0.15193331725431264,0.22572192273951064,0.5206450142170541
25,103.84102665020848,0.0014501788589267317,0.11482272932930566,0.36732105004915505,0.5164060417626125
26,18.48735794255628,0.0567758921955914,0.10762725728387657,0.40008384324540286,0.43551300727512915
27,17.71592303436725,0.05137326184050983,0.12990141359600424,0.26176380896701773,0.5569615155964681
28,15.906973586977987,0.11447990683309195,0.14604527726576205,0.3403376536567008,0.3991371622444451
29,19.128904754401265,0.02957713955061423,0.2451306610739169,0.26477361071952976,0.4605185886559391
30,109.40477734806012,0.0013852868616369089,0.2411079637186338,0.27553955164977295,0.4819671977699564
31,34.71493348387136,0.008026076699526461,0.17115547565702738,0.26345262796708835,0.5573658196763578
32,18.017360593451432,0.04943573484993524,0.11230049642846587,0.22555832033493825,0.6127054483866606
33,16.77896032599414,0.07765553330276008,0.10228825999593782,0.17319886772080323,0.6468573389804988
34,17.418459367363692,0.03452817789881965,0.20374029882749345,0.34395532783194144,0.4177761954417454
35,18.47862430911905,0.0314194160681565,0.1392565299183859,0.24569113324369685,0.5836329207697608
36,15.434929895820211,0.15308952649262575,0.23567345400968048,0.2814921002172887,0.32974491928040495
37,24.30033331378226,0.018178602091905915,0.1573640014276366,0.33311448436158797,0.4913429121188695
38,17.176932095916996,0.05834484846882905,0.20778946962670033,0.3405094942056974,0.39335618769877323
39,16.08758166551448,0.07934149791988043,0.22404039312758042,0.34295140254824624,0.3536667064042929
40,16.386720437605714,0.08961405280672664,0.17836556414027793,0.30788936356723234,0.4241310194857631
41,15.329745743257048,0.16906638912083027,0.1739278873033242,0.2560050536483511,0.40100066992749445
42,18.598086664114348,0.0344369365912961,0.045317754168232464,0.2571995134558326,0.6630457957846388
43,18.82623769577522,0.0657355658151425,0.1554663596076568,0.289983101700503,0.4888149728766977
44,17.613649331571466,0.07728881934248677,0.15985197807490692,0.18233237557816817,0.5805268270044381
45,15.936596503565394,0.11020520173204887,0.15105962786696758,0.3002780780607697,0.4384570923402138
46,17.242238102082077,0.07746863762450962,0.11561821028631918,0.32838733037211754,0.47852582171705366
47,17.775540601888757,0.04932232693700909,0.10296614295196978,0.30036957322982794,0.5473419568811931
48,16.56764016323006,0.09356918159844052,0.14138505377087654,0.26268155646414465,0.5023642081665384
49,23.949559208737064,0.025176205501125443,0.14518407029378552,0.24148756297553614,0.5881521612295529
50,20.32187458174872,0.04534159812780281,0.1771691097069248,0.19026448474529611,0.5872248074199763
51,21.88021654403532,0.01956268377693149,0.24595728282590243,0.24784322184610358,0.4866368115510625
52,23.95081932100426,0.0179274322673637,0.11353952416506166,0.41643572946923846,0.4520973140983362
53,15.977530242360471,0.13785648726870514,0.1590346889210887,0.3048780797430266,0.3982307440671795
54,17.595971733099297,0.07695754504544321,0.13770054954283806,0.3781303059031058,0.4072115995086129
55,15.947373045105307,0.14242195011805034,0.2151312492148331,0.2643071877152271,0.3781396129518895
56,125.60813394315758,0.0012135514951092663,0.29876050693593753,0.33310621172308363,0.36691972984586946
57,22.439683587408425,0.01821800576442749,0.09800877853437488,0.38569549983621554,0.4980777158649821
58,16.52303436172663,0.07282636290651441,0.15344012336102858,0.31891730357225945,0.45481621016019763
59,15.45094825705512,0.13252243244570083,0.19296818818372471,0.26798250332312634,0.4065268760474481
60,15.903984582202389,0.21578316826824465,0.22758631650162517,0.27641720604176107,0.28021330918836906
61,20.11875928503136,0.027763690623330547,0.2132257298533886,0.2929161886999921,0.46609439082328885
62,17.165087791657697,0.09545528009264286,0.17579202826407156,0.22416621815451745,0.5045864734887682
63,19.45346992098484,0.055360017303246245,0.0686943826692007,0.2706696699228853,0.6052759301046677
64,15.970975503455454,0.13115683011573998,0.14587438008291445,0.2026425456960716,0.520326244105274
65,18.41218418126614,0.03970004424322052,0.12123985585690553,0.36896961649367177,0.4700904834062022
66,16.10228997820497,0.12886611980622634,0.18920556972548686,0.1899718831205311,0.4919564273477558
67,15.115888660788428,0.1624928633385176,0.1703658275724545,0.18462630814032854,0.4825150009486994
68,16.11184357940628,0.12111784365678012,0.20561337416040043,0.21113168768288507,0.46213709449993434
69,35.14988242618521,0.003855534158931799,0.17371192445880398,0.31645789825245424,0.50597464312981
70,16.224436887305274,0.10122998302996633,0.14952836492490626,0.20529248443328585,0.5439491676118415
71,42.946137030485204,0.003280690817387466,0.05830744915595537,0.0784061122964483,0.8600057477302089
72,16.367722751421482,0.08275235578879814,0.2612366712007797,0.31216157564553354,0.3438493973648886
73,15.485634213469385,0.17733237842081545,0.20870538782363354,0.24206249143903852,0.37189974231651246
74,17.02575280385719,0.05103523355167601,0.1376637602257086,0.39992898366575586,0.41137202255685945
75,17.0976702074493,0.06503929172050227,0.2541252733917401,0.3081341592657727,0.37270127562198496
76,20.21430084374585,0.04530563397370513,0.046044176056932944,0.3817057845102556,0.5269444054591064
77,16.88463201711265,0.12591019624166844,0.12971119024318045,0.36145356899294184,0.3829250445222093
78,16.58563678378371,0.10596964368077698,0.157529063920974,0.32711588761541477,0.40938540478283425
79,16.307267952315517,0.07002324975104623,0.12760865563404278,0.3991671044117091,0.40320099020320194
80,15.335745898732593,0.16485011844656983,0.18099571770549072,0.1961647831450577,0.45798938070288175
81,19.445965263519092,0.036426512706700644,0.06801129704450364,0.16890997940995467,0.7266522108388411
82,20.91480039202588,0.02669393815697807,0.15377456654808422,0.3288387638916814,0.49069273140325637
83,107.10370352871799,0.0014166288615601067,0.19490350322316613,0.2905310454879699,0.5131488224273039
84,16.06009828259534,0.11822994006330975,0.19473743840064017,0.3076521261958215,0.3793804953402286
85,16.672342091404346,0.05269094485624959,0.14211316879201677,0.3142126600822314,0.49098322626950225
86,16.538572791781526,0.05385505967539983,0.09237412540279763,0.4145321104889158,0.4392387044328867
87,20.280840952597757,0.020605766589365748,0.29097405919108454,0.3175659894151485,0.37085418480440124
88,16.142702289404188,0.1409221830684864,0.15089115475315285,0.24828566524640042,0.45990099693196035
89,19.1000140925687,0.0653149173930036,0.07099674834449166,0.1178230027505455,0.7458653315119592
90,15.471986946846805,0.12109210045023343,0.14347245391463467,0.1736116695076534,0.5618237761274785
91,25.004592556002546,0.016680616191038555,0.24023562067805404,0.2893858454569571,0.4536979176739503
92,15.90726411011905,0.0899171179663923,0.1925564086192305,0.2600329913262487,0.45749348208812846
93,14.918291561111426,0.18244538954912737,0.22292178623018175,0.29538247113221827,0.2992503530884726
94,18.049025657006,0.050608630397116994,0.1651038778505095,0.22080542950354973,0.5634820622488238
95,19.064052271802534,0.048166615406333685,0.07846906629801997,0.3140123735363601,0.5593519447592862
96,16.730785178366474,0.08600088292833918,0.18461237754224172,0.3274219740356814,0.40196476549373766
97,17.944473389878777,0.06596157254193225,0.18582934125444653,0.2541387233870841,0.4940703628165372
98,20.577185315101325,0.035725909469403905,0.13793814035341434,0.26728815084778423,0.5590477993293975
99,15.30545066832133,0.09154485178497636,0.16445584611877004,0.22958737236437987,0.5144119297318737
100,17.326490947814698,0.06749140521352281,0.18687364253203512,0.3465689283423269,0.39906602391211515
101,19.236421090599087,0.04798700880948005,0.049038777256587895,0.29450467538814534,0.6084695385457867
102,15.792844320038812,0.1330183887256401,0.22104345511264337,0.2689777744551026,0.37696038170661395
103,17.977644775866164,0.06654937434376837,0.12536763783587968,0.19897998729851712,0.6091030005218347
104,17.666519655490756,0.05773583430153639,0.18663845611290714,0.21027047463044735,0.5453552349551091
105,24.30976452911786,0.01472638545820912,0.035200127727535335,0.03697286399828148,0.913100622815974
106,19.897585502777872,0.02257885854147434,0.24674919424733865,0.35350995430837523,0.37716199290281177
107,15.584290563860712,0.13929254726677878,0.18953892641485337,0.22361491666458075,0.4475536096537871
108,18.790124686495194,0.05720546104166696,0.14859588899842516,0.3121508286270187,0.48204782133288915
109,17.268229146680234,0.043523445346401554,0.20406577187923827,0.3345325413781049,0.4178782413962553
110,16.8883962290999,0.0900233741909137,0.23698899055398343,0.261203979991674,0.41178365526342886
111,41.12166211366557,0.006986109230100569,0.10420999894601513,0.20030332778564858,0.6885005640382358
112,16.15857913232142,0.12008195310017562,0.1955027953344466,0.2217218721553343,0.46269337941004357
113,18.333232453185907,0.03870526604971794,0.1317201325284323,0.3844989135619068,0.44507568785994306
114,21.299276075099215,0.03549984271947293,0.19110402264340076,0.3475873066768804,0.4258088279602459
115,19.141042781317104,0.023968255601638566,0.04206739031724671,0.3604520364601006,0.5735123176210142
116,16.6824173898032,0.09527401926090398,0.12713574433460792,0.17671156810016786,0.6008786683043202
117,14.988916704228078,0.22234153739932494,0.22810133707473307,0.26475780081884426,0.2847993247070978
118,20.69091233922507,0.013186287657436799,0.27733334306597557,0.3362693984507951,0.3732109708257926
119,16.806592598510314,0.1270323289137774,0.14282238187385038,0.23955926858959153,0.49058602062278067
120,17.486207735286477,0.04941871335232717,0.23150238085946687,0.253035830090789,0.46604307569741693
121,17.10509593740704,0.04472411774478437,0.08592636344882643,0.16547841446868183,0.7038711043377074
122,16.360435125593945,0.1276062525861662,0.18170845948181294,0.23731300374886977,0.4533722841831512
123,16.74120417959066,0.06908437678416957,0.18422859292763397,0.3541116128739477,0.39257541741424873
124,20.089675714723022,0.013277618722944973,0.1665335401858473,0.3194095321769609,0.5007793089142468
125,15.567921273652916,0.13025483455695053,0.28077793024812436,0.2943347088499641,0.294632526344961
126,17.472380858888663,0.031964596662213296,0.205084844933759,0.2569162522973576,0.5060343061066701
127,18.15423709948128,0.06684153502065115,0.08520942763456617,0.4005325427732197,0.4474164945715629
128,15.648874478012342,0.16245435652046603,0.2210107438409102,0.24498691595192573,0.37154798368669795
129,16.83200842921541,0.10980710900882817,0.24960055941787382,0.2979644700036768,0.3426278615696212
130,15.886437076260469,0.1369844317641471,0.2006676781311068,0.29658908508215753,0.36575880502258856
131,18.42802482650829,0.05644187228498666,0.2083721015566829,0.2512381141057729,0.48394791205255744
132,15.477526721816101,0.13498660744467028,0.19149689992071492,0.23466799921460946,0.4388484934200053
133,16.94052940190215,0.07574829788188918,0.1244690497295286,0.3703092216218485,0.4294734307667337
134,18.988367905792014,0.0453938752984568,0.1354367856118477,0.38936607610373986,0.4298032629859556
135,19.071783228592302,0.013495062750822155,0.27197140811090514,0.2906030927641719,0.42393043637410077
136,18.087390705816546,0.0687225961779877,0.08109415349006453,0.30205666539533277,0.548126584936615
137,15.64373583365752,0.12439734676114247,0.1351143288313507,0.2753209049803951,0.4651674194271118
138,22.33557622789637,0.02589419576479779,0.2306832690906233,0.2811829707322739,0.46223956441230507
139,24.708393730372418,0.017305305517293146,0.20201571596105578,0.2281696107963953,0.5525093677252558
140,16.371158797224698,0.10429097297628798,0.12890343358154202,0.3209364044331446,0.44586918900902545
141,15.969909604240142,0.12840579304177024,0.13148974766508337,0.27434986983300025,0.4657545894601461
142,16.596424117768446,0.061029006182022554,0.06365663654545117,0.372427827053119,0.5028865302194073
143,15.395016789924188,0.15248840608614658,0.21280454178807984,0.29474147298822323,0.3399655791375504
144,22.38113756298736,0.019519974341759783,0.044920305800211106,0.12576003919935536,0.8097996806586737
145,15.651088636058056,0.06403712367208803,0.203487927226481,0.23753478605564834,0.4949401630457826
146,27.675238453091886,0.011040631457789996,0.03521025566899102,0.354544698613743,0.599204414259476
147,16.4676936489397,0.07224718606664648,0.14523318863541426,0.20123126349354298,0.5812883618043962
148,16.214124560460846,0.07395872248353363,0.2711699626033503,0.2986346071668332,0.3562367077462828
149,16.36382390882364,0.07006681363603055,0.13300805758773704,0.26228130929926297,0.5346438194769695
150,17.26404817620186,0.07827971341895607,0.09251159786754815,0.22587094041627725,0.6033377482972184
151,15.587224998411257,0.17778163885037712,0.1868453139780657,0.28940309014502763,0.34596995702652955
152,15.656820266316581,0.09057437572355893,0.1661631035172762,0.3303085530118905,0.41295396774727444
153,17.490870371919076,0.051210683202236006,0.1555422656542762,0.36523291076680475,0.428014140376683
154,14.886760501469533,0.14060519850460038,0.17891903199032122,0.267235036440459,0.41324073306461945
155,15.446898422728562,0.1617093688029725,0.18550224682332866,0.29090716187860066,0.3618812224950982
156,15.970285517454366,0.0725502041890338,0.17102862283815443,0.34009270418867554,0.41632846878413626
157,16.074190887733305,0.18397450278774596,0.19606281567715605,0.25556279116622127,0.36439989036887677
158,15.90516294799674,0.13529421345206222,0.19984132693277012,0.2918524539927272,0.37301200562244047
159,16.615284757326968,0.08793701499903259,0.13017370567739284,0.17970972887173253,0.602179550451842
160,18.77426050159371,0.05278312048372226,0.05533371635501605,0.40959009637773364,0.482293066783528
161,19.043246115574654,0.04500356894601549,0.1841382035180209,0.3851705569963402,0.38568767053962344
162,15.53683355647017,0.09959309177965209,0.20350734671462467,0.2637695425616815,0.43313001894404174
163,15.1868911293049,0.19304375308507618,0.225255778123727,0.23295497654003153,0.3487454922511653
164,23.31130836869412,0.026252514778313227,0.11602610679826886,0.21883998061519533,0.6388813978082225
165,16.023331834262542,0.053272246816609074,0.09084977635272806,0.20339187063808434,0.6524861061925786
166,19.259920684474817,0.030114529256865037,0.20734259767529126,0.2780863916416504,0.4844564814261933
167,15.128145722697852,0.17781670541179792,0.21949449959326262,0.2686950710557228,0.3339937239392166
168,19.778542739397693,0.03683216905929919,0.2503365525643829,0.27518777635048214,0.43764350202583574
169,23.595340700628935,0.011726064631892966,0.10970557161927477,0.21021233656609184,0.6683560271827405
170,27.249091337258186,0.01600441248845086,0.23551758060460232,0.31861533049343194,0.42986267641351483
171,18.209278763056147,0.02276873795111889,0.1330504247100547,0.36792895510127954,0.4762518822375469
172,24.307426869094733,0.025525024240616957,0.09258692639609134,0.2578414851110764,0.6240465642522153
173,17.27502351226928,0.09781816596090734,0.11565194028690884,0.2266314370303353,0.5598984567218486
174,15.404715808325708,0.14903041752639,0.15059776257189705,0.3436062661943334,0.35676555370737956
175,17.700786557287206,0.05722035592451036,0.2214427404287739,0.3426930158651244,0.37864388778159136
176,17.411855944222946,0.06654002315826113,0.21678378064894419,0.3004599876612592,0.41621620853153557
177,17.631071682177428,0.041002094415590405,0.17228439240354254,0.17913078904003674,0.6075827241408303
178,15.957077346980052,0.17254043986841544,0.21842441660060974,0.2878096602423061,0.32122548328866873
179,15.94868412564161,0.16939953164867413,0.24874349044219013,0.25766218738035207,0.3241947905287836
180,15.70727121504498,0.13177251471316398,0.18913255334303392,0.2502102296492997,0.4288847022945025
181,21.037339311658794,0.03591084905703138,0.09545944474204471,0.2831931759685298,0.5854365302323942
182,14.960159641214172,0.1726856224632992,0.19914515917207676,0.21388542815346723,0.41428379021115685
183,25.934672395163027,0.017113822414839608,0.12504091560672276,0.3256280529427032,0.5322172090357344
184,17.812840978166463,0.049204149164218336,0.2578125812547631,0.284174558750228,0.4088087108307905
185,17.45145463136867,0.08118375918903661,0.08602521360419779,0.10541852745300534,0.7273724997537602
186,18.032862299493587,0.023425165105533042,0.10031702935771247,0.19698550850393634,0.6792722970328181
187,16.40624533570587,0.13549518642666214,0.20578824186524536,0.28427254319783507,0.3744440285102575
188,17.582063819345247,0.05758093129234798,0.08370664952739325,0.412378759394543,0.44633365978571576
189,15.601450825120367,0.17247451697996902,0.22731259751157107,0.2718771914048679,0.3283356941035921
190,15.645884868713633,0.14382656313154887,0.15468026180373218,0.31550625781964237,0.38598691724507667
191,16.240658227091085,0.14906999609619676,0.16545486732294032,0.20816317691952874,0.47731195966133416
192,15.537908513134028,0.09083883333214904,0.17500235216855667,0.20316972000855288,0.5309890944907414
193,15.735069447988346,0.1285700921092151,0.19765256927332928,0.2615658241435783,0.41221151447387727
194,17.013568302372192,0.09622950406792703,0.12514510272906687,0.14928043308255767,0.6293449601204484
195,15.623989980830988,0.13710858009997717,0.20461817891830864,0.271360362156478,0.3869128788252362
196,15.7119368642235,0.11761279959439883,0.23898461596963483,0.25215282828879493,0.39124975614717133
197,16.49037088191421,0.05884248937443534,0.2523443512329596,0.28871518586157485,0.40009797353103016
198,17.451218884872613,0.0650652235070069,0.12155237453098178,0.18891326183276735,0.6244691401292439
199,15.649294868644533,0.11455760022962913,0.1796380958473443,0.32101092491026995,0.38479337901275673
200,16.3839464280036,0.09275109381875549,0.1678818165085436,0.22132496948241992,0.518042120190281
201,16.736057773887456,0.11587311479048376,0.19627806548685192,0.25846161635715825,0.42938720336550606
202,23.633797492400557,0.011746007292256867,0.22953724948385967,0.2689938372953124,0.48972290592857115
203,17.182815348027738,0.07659593359251503,0.18300464218236212,0.3425070859303811,0.3978923382947418
204,20.47236913483092,0.03656750506425788,0.2084888634539517,0.3265518553627945,0.42839177611899587
205,16.247547017374004,0.15842848273609023,0.18963331478135437,0.19191672043322935,0.460021482049326
206,15.222386698371315,0.2047305319443861,0.2334910585409148,0.26281406266417484,0.29896434685052425
207,16.63154316141721,0.10604165940218811,0.1917410894464224,0.2231589629953472,0.4790582881560423
208,25.636840498270185,0.017128652417378622,0.14734197429878082,0.22436897591000352,0.6111603973738371
209,15.49314303244956,0.1630775842365753,0.1929443437573267,0.25223289465250875,0.39174517735358927
210,16.403867063741057,0.07860508444257586,0.1594002805176789,0.3765010965397955,0.38549353849994966
211,16.526878229370514,0.09112806215180434,0.12613493278034194,0.20349838924860128,0.5792386158192524
212,17.138852502830186,0.050443595802134755,0.054025830766982474,0.2886884059023848,0.6068421675284978
213,19.242034571679497,0.04003178091279516,0.11603389795411434,0.15982127388126688,0.6841130472518236
214,16.00903884099496,0.12229041640201906,0.1794848895642236,0.3430587189386458,0.3551659750951116
215,17.461200466834143,0.09008325928244278,0.13552946477226743,0.2958354529043037,0.47855182304098615
216,15.694875546158093,0.07094099910016194,0.2920196228460009,0.30481356552082983,0.3322258125330073
217,16.860839807649175,0.04141853019152073,0.21976567238761047,0.34350337811327997,0.3953124193075888
218,15.9134932473645,0.12548213047197782,0.2732363379745044,0.2849417291966694,0.31633980235684844
219,15.265306079624768,0.19060157592887342,0.2546825555451756,0.2759327047226896,0.2787831638032614
220,16.198677970582366,0.10717629127726333,0.16930762345021194,0.26854645672282484,0.4549696285496998
221,17.3539481206617,0.07826772481664995,0.09073336719736935,0.38007633011925557,0.4509225778667252
222,15.129941445760698,0.1510094016342347,0.2115846006256025,0.3004514726569932,0.33695452508316964
223,16.076281991260476,0.1198356894880178,0.19277382574196844,0.20835824980855028,0.47903223496146347
224,31.34031538665683,0.009363113389673097,0.03939375247725918,0.4072700620326165,0.5439730721004512
225,17.222161086829985,0.042318717860120314,0.1502402465064473,0.35101306142644656,0.45642797420698583
226,17.080885088817464,0.08761404124978557,0.2117082051803069,0.32944941041972053,0.37122834315018705
227,24.260780295282135,0.025661829071276582,0.08662757056853898,0.12756075047662874,0.7601498498835557
228,15.91727162433974,0.1227482440905876,0.25604115906168684,0.2647350000554407,0.3564755967922849
229,16.40433674898656,0.09672608826353715,0.14380737221308568,0.3094370582664428,0.4500294812569343
230,19.861361454398015,0.03756293873123378,0.11510834013628068,0.28927662016407274,0.5580521009684128
231,16.006075246806347,0.052096343798372906,0.18039750314273778,0.3276890628536637,0.4398170902052256
232,30.30839090095925,0.00958200214005788,0.07713246166345211,0.36829959801612633,0.5449859381803637
233,16.91781292305867,0.09634840528935887,0.1222280964281659,0.29948478081964813,0.4819387174628272
234,16.892439259820872,0.04492978693553318,0.1358852236216852,0.3959066866903479,0.4232783027524337
235,18.2876999336078,0.03874461897784428,0.26925883098895675,0.3261227933100428,0.36587375672315614
236,15.435521974397052,0.1345096903456281,0.15162399024271878,0.33568217468902717,0.378184144722626
237,18.77541559730126,0.023808757636165162,0.09433283311784546,0.38605185004170417,0.4958065592042851
238,16.145658300299957,0.11793644379296386,0.21292261023599116,0.21889008865127177,0.4502508573197732
239,18.939052693369042,0.03099698587615706,0.1295005509635423,0.13556095086358416,0.7039415122967165
240,18.11797920027592,0.039813205013548444,0.06269449523507668,0.15434040894746293,0.743151890803912
241,15.166833202827965,0.20765890795344347,0.2195526087072801,0.2863594345217803,0.28642904881749615
242,16.434622313000332,0.06170993113321414,0.08484303828683604,0.30193608638173364,0.5515109441982162
243,16.186729323534053,0.09745379977553614,0.20732264023972355,0.3041447533263838,0.3910788066583565
244,16.94092177704153,0.03473640878037446,0.08311894878315813,0.30095433483802747,0.5811903075984399
245,20.713644137545153,0.013605051059475045,0.08479975797873465,0.4338471603109648,0.46774803065082543
246,16.333794394810322,0.12207596036862532,0.12518475439582913,0.31288677261209813,0.4398525126234474
247,15.636984576398454,0.22080094877428347,0.2271645156793582,0.2638838084086166,0.2881507271377418
248,19.735798414416156,0.03783888079361133,0.041421456676478306,0.04244831051927622,0.8782913520106341
249,16.155798867273464,0.10563929465706029,0.1727938103962685,0.19981548335267607,0.5217514115939952
250,18.559568383898984,0.038596819649773684,0.2531499609408311,0.32367189504386096,0.3845813243655343
251,16.739651542896695,0.08684469340367745,0.16754291452603942,0.17580992901294124,0.569802463057342
252,16.279826269957788,0.13793812774653658,0.1381284306067801,0.3322783844412926,0.3916550572053908
253,16.028671343741518,0.0646525488406342,0.2051136622266646,0.30158340267589373,0.4286503862568074
254,16.236720239089106,0.10061795893417269,0.1066116786806167,0.2703463078526108,0.5224240545325998
255,20.096910818649867,0.029899771705084868,0.16595035777915057,0.33344838902823215,0.4707014814875325
256,28.172667616633717,0.01595151750845726,0.05762661880120823,0.10435446682183348,0.822067396868501
257,20.52933243053792,0.021886028317021522,0.06611127028102959,0.2191535322327728,0.692849169169176
258,15.827572327988168,0.1216833829104567,0.18464459863351534,0.33300429019325417,0.36066772826277377
259,15.39485692923973,0.09292094512405161,0.25609061748738143,0.29443590149901455,0.3565525358895525
260,18.576652297606525,0.04684003859148708,0.07834098448875104,0.39221707888332347,0.4826018980364383
261,19.96420732400222,0.013898256990122206,0.1783323799914823,0.2924915219382067,0.5152778410801887
262,61.681288534183864,0.002334890599665171,0.06282797519251893,0.2527210779611331,0.6821160562466828
263,16.091871468381395,0.11885410190812973,0.20161155582444265,0.269806636542074,0.4097277057253537
264,15.483586566032626,0.2190857703223522,0.24543744550905083,0.25258271439690105,0.28289406977169596
265,15.592008159636306,0.18311608622217146,0.20502083677612779,0.23014754468738366,0.3817155323143171
266,17.293496693691456,0.044778375690949924,0.24921359213208205,0.29979943410097465,0.40620859807599335
267,15.736677564027087,0.13879236575441123,0.20316858449138248,0.21172673495368158,0.4463123148005247
268,17.0211463357668,0.09662432541478844,0.12972160473943206,0.29178154050094857,0.481872529344831
269,17.813092229350175,0.02365600129546273,0.16436444966334876,0.2701639486627815,0.541815600378407
270,16.055102358360266,0.12044053938513868,0.22421815675355797,0.32077747945510227,0.3345638244062011
271,21.980912694562292,0.027839806073265753,0.1360052297987814,0.25903895573722513,0.5771160083907277
272,16.454237535943193,0.08084040582195451,0.11237693975565742,0.16808208433617886,0.6387005700862092
273,16.361000295435463,0.10461049360271751,0.16554664474036432,0.3576392391661278,0.3722036224907903
274,16.376002137510646,0.1281471061086582,0.21761108174447774,0.2925580166526433,0.36168379549422075
275,15.226390595253319,0.13052060288214679,0.13467304796524582,0.1956993763696368,0.5391069727829706
276,20.92056713274122,0.02829240311812164,0.10782234547568292,0.2392361608439976,0.6246490905621979
277,17.27477872525068,0.07799252895770215,0.10549322711961795,0.306872675347701,0.5096415685749789
278,38.71051372933341,0.0036265212365930353,0.03158959106591841,0.2768990746362202,0.6878848130612684
279,15.430412703311383,0.09369503929580351,0.1493088257831567,0.23485758646267874,0.522138548458361
280,22.91601660614959,0.011826094692317095,0.02853457405854461,0.25239486481641976,0.7072444664327185
281,16.713452316501986,0.08570153023468507,0.12095713715366069,0.14879878902285182,0.6445425435888024
282,28.501951930022326,0.00983310443909786,0.1361521019599266,0.360682027903547,0.49333276569742845
283,17.13576500622078,0.09006853845246758,0.1605274250934078,0.25098530903011995,0.4984187274240047
284,18.316897186401924,0.03261287438220218,0.17338791528819247,0.24411471656003092,0.5498844937695744
285,18.440421166840636,0.04134740673261574,0.0618592877333646,0.2545708125928683,0.6422224929411514
286,15.89936090577288,0.12211262186645366,0.16857394443278695,0.2212657105489309,0.4880477231518285
287,17.646449665127427,0.050958909606564844,0.08095789778316598,0.22915512352147435,0.6389280690887948
288,16.631231518827345,0.09881471558776217,0.17714347603664382,0.2160161486715112,0.5080256597040829
289,21.127726716304892,0.01950116332816161,0.09297270081377662,0.2817537049167728,0.605772430941289
290,21.6408252855727,0.02654214426010071,0.13938230414590078,0.14620847687381608,0.6878670747201824
291,27.11760234834471,0.016607182935120944,0.17615713080919898,0.32786084222896417,0.4793748440267159
292,211.89995876317727,0.0007315179344403651,0.004583293522225418,0.36767872455243295,0.6270064639909012
293,17.378545137523812,0.07838135025666694,0.08575197344767879,0.2768716073720764,0.5589950689235779
294,15.0201197703998,0.15767673911868468,0.15835092917196078,0.24287224973139399,0.4411000819779606
295,15.276293579688907,0.20688860625640046,0.21751551227551968,0.2710642046524516,0.3045316768156282
296,17.172634414220404,0.08834537499137211,0.14557151783600109,0.33635435829383964,0.4297287488787872
297,18.279726102902746,0.0421864481402523,0.0681975595771625,0.34938534034781754,0.5402306519347677
298,16.15467586861444,0.05430832915315141,0.20578181098623594,0.3224983870229498,0.4174114728376628
299,16.974951733032764,0.06744528511951953,0.2166706678958988,0.316762649504502,0.3991213974800797
300,18.544116594326873,0.022650426138806187,0.07887780066850691,0.1787850113181334,0.7196867618745535
301,15.278179123319124,0.1783835084852435,0.20729268362429887,0.27930781101277724,0.3350159968776804
302,17.735643190670785,0.03301146753190891,0.17965110391472297,0.25063013051447314,0.536707298038895
303,17.296709909132105,0.058543933403081394,0.1418724748444002,0.2976927854359405,0.5018908063165779
304,15.82167633401008,0.13092484295221027,0.20610908304275766,0.2871377845731984,0.37582828943183366
305,16.847712087804005,0.05414264944393324,0.05805203425434968,0.3404262554519253,0.5473790608497918
306,19.51165351065221,0.022791069601013948,0.17147589978576316,0.22905976001567618,0.5766732705975467
307,21.83678590333685,0.019462628653865277,0.24132153760178612,0.34911230336973503,0.39010353037461354
308,17.791397409438552,0.04793279971353651,0.0631104660761402,0.21811846958772096,0.6708382646226023
309,15.584736320042973,0.04382320928099237,0.054367143361227395,0.3247207266601221,0.5770889206976582
310,16.167535230183045,0.08858638267533858,0.21778097923219267,0.34251415554093156,0.3511184825515372
311,17.889553978606425,0.023881899998021372,0.11392695986608883,0.2476207816737792,0.6145703584621106
312,22.571781704621813,0.018289074732778854,0.24337929539787062,0.2716473515242974,0.46668427834505305
313,16.702791734722485,0.10608042615244895,0.17745194946349274,0.27130985049443423,0.4451577738896241
314,23.35162521767492,0.012204231004269107,0.030124793436513572,0.10021596782113773,0.8574550077380796
315,17.07981254608454,0.042507362641288536,0.12384640845298678,0.31978154815578586,0.5138646807499389
316,15.746366522259907,0.1084587787548474,0.21063285028305578,0.24916086755451233,0.4317475034075845
317,15.65855380433887,0.16485033987832642,0.2630973939287122,0.2702985388325214,0.3017537273604399
318,18.327152458721137,0.02330346232288048,0.051564040815778554,0.2360130418313927,0.6891194550299482
319,17.137051619649117,0.07216900369467671,0.09690016722579124,0.27609444862625626,0.5548363804532759
320,19.330812491651173,0.05518021236792706,0.06936663685404287,0.10315364911644831,0.7722995016615818
321,19.421907708600497,0.03090720793910844,0.10003449737658168,0.36705834721043296,0.501999947473877
322,16.09435775211477,0.135205780469836,0.2638742974943736,0.2700837757051415,0.3308361463306489
323,15.216528775734414,0.10406053156965533,0.20108565173181656,0.3035072198723647,0.3913465968261634
324,16.551539696893535,0.09674449724771508,0.2384938921240502,0.25402009219275823,0.41074151843547646
325,15.443446033578184,0.19799948944686524,0.21249118844317505,0.2316935694568058,0.35781575265315385
326,16.007799663450555,0.1524731213444196,0.1885997615770365,0.21943063060050208,0.4394964864780418
327,15.883155973319342,0.07488567239606148,0.21351813160478197,0.3230265314313704,0.38856966456778613
328,17.842988960887403,0.09649887057455409,0.09859382254724856,0.3457636793252827,0.4591436275529147
329,16.008769559133118,0.11116980696353107,0.15404469014817557,0.2199177167354215,0.5148677861528719
330,17.594061663282112,0.08543635644526566,0.15529111922316893,0.3022650790675687,0.4570074452639966
331,33.62415935465245,0.008283543616669609,0.2002677645560873,0.3139678948105634,0.4774807970166796
332,15.485197208084653,0.1231644221365127,0.1449237122142295,0.15825562914589236,0.5736562365033655
333,18.74322354930385,0.03802343606939781,0.10849116620765464,0.417446925811309,0.4360384719116386
334,23.406762057383137,0.020694512670935628,0.055007966615511376,0.10572130052627238,0.8185762201872807
335,19.89291639430702,0.037295201869072155,0.11672604957606425,0.1686527836353923,0.6773259649194713
336,17.513309405143787,0.10526173643520653,0.1551858666191059,0.19858059243181803,0.5409718045138695
337,23.97754365648685,0.01871357543245723,0.1567113196183869,0.38028545617538145,0.44428964877377447
338,19.914038007565434,0.029166789699657598,0.12113339043110156,0.3826484810635449,0.46705133880569594
339,22.214620320067997,0.01178425266430605,0.1353517197908256,0.19620713068405837,0.65665689686081
340,15.651253824134166,0.0837518576191969,0.1725363802165069,0.3331433550355054,0.41056840712879084
341,16.308743085079605,0.06226350782692018,0.08329423211590115,0.36074285130025063,0.49369940875692797
342,17.94651982366363,0.054813686987662154,0.09608453548455065,0.11948555450321871,0.7296162230245684
343,16.084451193887613,0.11779609717148642,0.20880021570292565,0.21292821185557917,0.46047547527000876
344,18.014755986961298,0.04946683585873575,0.09043262816981523,0.27462834476375153,0.5854721912076974
345,23.307616065450528,0.018770151975913585,0.10903539104750153,0.21095008721556618,0.6612443697610187
346,21.148683761042626,0.012231780960658495,0.19653552132934327,0.20779379374818888,0.5834389039618094
347,24.69489310723624,0.01111415232697055,0.21984407363317263,0.2453741504365755,0.5236676236032813
348,15.326816349063611,0.21222916150289317,0.24374502032224327,0.26457956608182975,0.2794462520930338
349,16.099632411129246,0.1212616798276892,0.12740819677850626,0.2802710201216587,0.4710591032721458
350,15.788044163142137,0.06436651633651055,0.20254992666319704,0.2572908252951054,0.475792731705187
351,19.22080759423201,0.014997027262434964,0.1871522950049353,0.22685408246631666,0.570996595266313
352,18.50934377708832,0.03185862202186474,0.09220466983560825,0.4191895341668956,0.45674717397563147
353,30.341628065821883,0.0043447628321295895,0.17390630705457805,0.36610643081865546,0.4556424992946369
354,15.860292653242983,0.15341948032612912,0.15978840564447502,0.31363288641478193,0.37315922761461395
355,15.78571810798454,0.08342473458954734,0.16539820967085517,0.31819415680297647,0.432982898936621
356,16.112942121016605,0.17581988105432306,0.1761377291909354,0.31374143064233373,0.33430095911240787
357,17.771772119143666,0.052806876685529865,0.0667538140379792,0.1712949624148662,0.7091443468616248
358,49.75813476553244,0.006230443661801477,0.2357003281622201,0.28655933013248647,0.471509898043492
359,472.88264814208037,0.0003337097421917848,0.07790243972968347,0.26157786184878684,0.6601859886793379
360,17.260515356959786,0.08017595886860807,0.21433485747161302,0.2810537460844136,0.4244354375753654
361,15.282535729528117,0.172938498406316,0.22458504249429245,0.2437133870230758,0.3587630720763157
362,32.128348078842286,0.008993638964014838,0.10513740139910649,0.2537080826469518,0.6321608769899268
363,18.958071052362648,0.030424044809342504,0.09620792706929926,0.2868748423058375,0.5864931858155208
364,18.239670576183972,0.03965460360461481,0.05090094098140336,0.32341585572996406,0.5860285996840177
365,15.407319553822695,0.1874628998985175,0.1935847712992917,0.22415749889899647,0.3947948299031943
366,18.024358160207218,0.031925821247296725,0.132702065141032,0.20244177596552504,0.6329303376461463
367,366.0029289481782,0.0004293085149226778,0.17793901636261406,0.27571769394586554,0.5459139811765977
368,18.743654782993143,0.03122358823582611,0.16323319551471596,0.18540687312388737,0.6201363431255705
369,15.604012301578903,0.07471350954808098,0.18617373346297572,0.2238667215583339,0.5152460354306094
370,16.39271976613765,0.0911138260632723,0.18816968990100358,0.21754657376909392,0.5031699102666302
371,16.407530235587426,0.06263031659870556,0.10006091457785005,0.13336807877055132,0.7039406900528931
372,23.05889227028527,0.019440226464174443,0.1757545243498133,0.1818817009006564,0.6229235482853558
373,14.768646595857824,0.1849056538457099,0.2227117911090713,0.2659160033185383,0.32646655172668043
374,17.60964986346276,0.06570740499445071,0.1772221560027788,0.277181380012968,0.47988905898980255
375,40.81344293750418,0.007431857576187563,0.2621576685736904,0.3279348857195924,0.40247558813052964
376,17.319758854910322,0.0867715288955268,0.1180922694109603,0.3328723110821288,0.4622638906113841
377,15.641658469481966,0.15441331528645197,0.18236385420576573,0.3058418126282513,0.357381017879531
378,25.048486971659003,0.011261501396681695,0.13291870439988196,0.3885927215216791,0.4672270726817572
379,16.97997136406139,0.05432440912909483,0.08205231174770129,0.22142593452027748,0.6421973446029264
380,15.612836789374295,0.10400964384124595,0.17121036390029234,0.24818274978422233,0.4765972424742393
381,16.24451415236561,0.1465719536929038,0.1849741598082426,0.2181857923455133,0.4502680941533403
382,16.06251272869073,0.11151921876083115,0.23551226470657488,0.255951137389644,0.39701737914295004
383,16.61258261348047,0.10598635837383273,0.21140272989684472,0.3086227076528359,0.3739882040764866
384,20.83129837748523,0.02184407326595297,0.13864913880409813,0.21146423833829564,0.6280425495916533
385,16.88898100076561,0.07835835278578211,0.19528858848162378,0.27248899390175096,0.45386406483084313
386,18.336480735670158,0.05662105434860684,0.1441252844030957,0.26756457327044303,0.5316890879778544
387,21.11368773914165,0.03572660131177484,0.16623774048757609,0.352929546839117,0.4451061113615321
388,15.826136877386668,0.12464061463892612,0.1254942759274904,0.3126712639306364,0.43719384550294715
389,15.916666039213245,0.1301740764260341,0.15688157594698104,0.25883868049281444,0.45410566713417044
390,15.718511266963546,0.12609689536260357,0.19032332113167902,0.25219224687059094,0.4313875366351264
391,16.676189243330214,0.07314386635080741,0.1542304131751977,0.3635998490864009,0.40902587138759405
392,16.388581835164462,0.06011663556155157,0.25560357162236713,0.2801487340385634,0.40413105877751787
393,22.362738559082032,0.026050977334283777,0.1980623178910802,0.22306023873225547,0.5528264660423806
394,17.310874252288457,0.10567905341012494,0.12037840193408311,0.32354688769635753,0.4503956569594344
395,16.041281816445863,0.13551520915284954,0.25281582485761056,0.2976493519020998,0.3140196140874401
