,0,1,2,3,4,5,6,7,8
0,0.0023060791601406407,0.01621730123558944,0.10947360828624919,0.2929229730892592,0.13846525590914996,0.1430768975652154,0.2300525310741715,0.0674853536802246,5.628686317599426
1,0.03840131601160476,0.09461524396273628,0.20514171801897763,0.12326652778270321,0.004084962297351865,0.23487865127666532,0.22454505094665822,0.07506652970330265,6.061492719366428
2,0.1807885158158418,0.003159522586575192,0.09519243245284997,0.11621871127492511,0.015091830489259668,0.11732788289645231,0.20180147507300134,0.27041962941109454,5.988947919375569
3,0.1050526295481584,0.06625067906826781,0.3595553489284073,0.0033479003156002087,0.09701568729409103,0.08863954802816319,0.1231482383082189,0.15698996850909314,5.965401630608486
4,0.10239199626155067,0.3643166138878729,0.15240624490283952,0.06504709313980361,0.02114702170965563,0.07469494073443252,0.10813440799773497,0.11186168136611005,6.271651291392689
5,0.06441217784808537,0.08035737489744389,0.19431462012891412,0.010071255204227305,0.25488112575907423,0.11644073589467079,0.18586949311416093,0.09365321715342326,6.161261366821442
6,0.2259462962042713,0.15903963159550882,0.06262775925245187,0.016735489008260777,0.23654084984639814,0.011790057182099944,0.00413697719266568,0.2831829397183435,5.747326708359157
7,0.09095628960158707,0.2084939143779521,0.10463854354682886,0.0575675782608768,0.08198300791182242,0.12864236051740555,0.0934346810540756,0.23428362472945158,6.293654750485768
8,0.12630067679197737,0.09922166677639573,0.19879433184341322,0.17843326234999865,0.027477036886583303,0.08900791128962428,0.05026967293076276,0.2304954411312447,6.308030444094905
9,0.08829475310693774,0.015979391198240375,0.2171390285508748,0.1161054911199054,0.18196074490355457,0.16176495409713532,0.05448418307660917,0.16427145394674264,6.234908601768898
10,0.1449974303883444,0.3168281713569074,0.12472017199005536,0.009716810211464548,0.011485857530581598,0.10913238638521387,0.09156389036672162,0.19155528177071127,5.973789604065269
11,0.06081785098470308,0.018686349325181203,0.014233279062558649,0.2956354967429473,0.09797734877249967,0.07486189619128328,0.20036859223440745,0.23741918668641943,6.240203118347949
12,0.2397824738290445,0.10214638577039174,0.051958959597138234,0.05559936465169943,0.07960425808811827,0.10533447727753785,0.23096912632051614,0.13460495446555368,6.318111588428724
13,0.05013460303474469,0.14414341012125642,0.19125273553419872,0.03921402639376014,0.07527514415458395,0.17871774616055128,0.12364135088114875,0.197620983719756,6.364286093743827
14,0.07030141141440252,0.23215149459051732,0.054137767501033336,0.052857814086652695,0.24654475845130253,0.003095006243054464,0.15245647253049854,0.1884552751825385,5.778926386447791
15,0.20843996163580705,0.04796324592280936,0.08139455971967377,0.09661008694183201,0.17043989312148,0.27907990497463514,0.058079336148391884,0.05799301153537089,6.264806085073213
16,0.09433478551110179,0.3216119470406617,0.23342284639279665,0.10821313495315868,0.08897335039918214,0.04354639773572758,0.023031763618034308,0.08686577434933711,6.152669680010579
17,0.3614148240437634,0.1527282309738667,0.1452169778294261,0.16409070187878436,0.0715532093449963,0.04714533793992231,0.0071749070305521905,0.05067581095868873,6.081601122359993
18,0.1393634268055259,0.3953352897527746,0.02786325281269779,0.17088036419565447,0.08679718108913687,0.033751010994154396,0.03153947877973556,0.11446999557032048,6.165535528268019
19,0.15651781200451245,0.26389943266829113,0.14838058821262703,0.0030579402552294746,0.06132572310488203,0.18120004157425582,0.15375953230876954,0.031858929871432545,5.746019070263252
20,0.23944246976495598,0.09714435337011113,0.04583038619942898,0.05022059738153322,0.006559250764170077,0.22728215770323915,0.09709986561175427,0.23642091920480715,6.195285532581126
21,0.20208877798769742,0.20168393611494442,0.044317574988085535,0.0024651880954661945,0.22054423256809044,0.08639037062858157,0.04267409736896201,0.19983582224817237,5.776807050877132
22,0.0197926791422987,0.21615099926798007,0.23111484558262665,0.05576764826616497,0.12398967003994946,0.13067423324084246,0.12662724105194584,0.0958826834081918,6.246902203786461
23,0.04185894866933765,0.1674214636955801,0.03102382313210419,0.006489269439680797,0.12169170894906825,0.21578480381629375,0.1367773512157312,0.2789526310822039,6.027915069131993
24,0.13051794999705538,0.3614311716740732,0.010321488750747584,0.022065366153482147,0.09512810716613665,0.17814412037200478,0.06980037184075846,0.13259142404574173,6.047907615582934
25,0.1660843940099722,0.20301024836678588,0.06922061238178341,0.13968002744771083,0.10195267581531886,0.047645564675373064,0.25588761441953994,0.016518862883515836,6.206906158543531
26,0.08658813783729688,0.04148337734354327,0.17860317522161193,0.1212307477328925,0.24564499693776773,0.09924410623749123,0.17264924897201867,0.05455620971737789,6.404020903019928
27,0.11109574007164491,0.17743395914988608,0.12082611375701695,0.06699634503861931,0.34339016037980546,0.1569014668546648,0.006294588896865882,0.017061625851496766,6.1056373438438465
28,0.026718304930891026,0.12912560751945643,0.09618933629672187,0.22739007679230552,0.27550065209591756,0.02605567977243168,0.04360235169636666,0.17541799089590918,6.2015856551619954
29,0.15830230504851223,0.2422174777190063,0.26428205429511364,0.13853740104344836,0.1157485555132987,0.01951139778782199,0.05205031755607542,0.009350491036723444,5.911794399097425
30,0.2422109189420463,0.2669121424513158,0.12142820959576442,0.11166372021975186,0.06603381296983275,0.036890289921643685,0.07747489527189177,0.07738601062775328,6.289047780089702
31,0.036082941357102126,0.07698683813494885,0.00464371037839027,0.30558893839067486,0.06401008052662124,0.3233763134453679,0.019576461028453156,0.16973471673844168,6.112277810165454
32,0.2739336927923738,0.11760439559851561,0.1121083878720151,0.1891048925755164,0.12173468032923263,0.0525994693135079,0.11233289501193412,0.020581586506904406,6.34216024838282
33,0.13357153926537466,0.19968687755089595,0.15592650159627383,0.07702866082675124,0.2660084348776752,0.1011150376520501,0.01716053089910038,0.049502417331878754,6.228516137733762
34,0.20121033454438111,0.09890620501750205,0.20753695281160817,0.0960909671543267,0.0321606583535664,0.09708039591467485,0.09808564307265087,0.16892884313128984,6.2402553809408206
35,0.05965348446044403,0.06426414253307493,0.3611025531689077,0.1992322017586693,0.19438333474044406,0.040645116000503065,0.023946030707610397,0.05677313663034656,6.175915015475996
36,0.05208085286314638,0.4651647528276488,0.06568566062034964,0.13276409130864938,0.05880457459092947,0.03149742959675672,0.1645226599642032,0.0294799782283164,6.2147558279916115
37,0.057763857997217755,0.012055191968819975,0.08141519266115244,0.28778766609937945,0.14951211910241108,0.1864881644013044,0.11328670821755342,0.11169109955216139,6.168157807712351
38,0.2525237817501993,0.07001627903135361,0.1923943277807488,0.07250196595902851,0.07906116041129671,0.10855952738307062,0.04336568016498478,0.18157727751931768,6.31607228381022
39,0.07730584856075502,0.041601824667582964,0.17562388500681395,0.0850026161017713,0.06800166768653915,0.2977863524104525,0.24468580221232714,0.009992003353758043,6.020445995849416
40,0.15556581368403868,0.07812292746046755,0.042376597714818935,0.07598657417607187,0.014401831261798467,0.23985352230852078,0.17844176230264142,0.21525097109164232,6.3871034181024475
41,0.06497085106987086,0.1121944140807936,0.09003849668139535,0.042697580266822,0.34785440866796635,0.07982182764075141,0.12135651247313615,0.14106590911926428,6.324662059192917
42,0.3405587047166901,0.05753528838908756,0.02078855439248141,0.1773429007261845,0.004244071326050497,0.1776904186739452,0.06688730275595661,0.15495275901960415,6.010028396226394
43,0.12121619630592836,0.10696342131400624,0.06189646582178797,0.1998317677105092,0.24573956321083443,0.12024344187686276,0.08239578651162516,0.061713357248445795,6.384425356478692
44,0.08325569520729938,0.19406007241821535,0.20806197165635298,0.16422252833712406,0.03872305274322114,0.09870178164861555,0.10599802697013136,0.10697687101904028,6.331413005797447
45,0.12063204404938375,0.1568978144499663,0.12482891360876587,0.0005565894169875674,0.25425284024927336,0.02485635288003724,0.25872803825105023,0.05924740709453571,5.371068489667904
46,0.011339420634852406,0.04773747447071072,0.18452971284249164,0.40654694940144365,0.01214820966385897,0.018027724513032486,0.0854062916904053,0.2342642167832047,5.795487047169901
47,0.3040887392555744,0.20665298691965472,0.0036675770681047016,0.1590640589205532,0.08872130940024026,0.06596542038328386,0.13395810946852701,0.0378817985840618,5.969314087076241
48,0.13476297129731973,0.04961809984687795,0.021246166657973378,0.08547784264108099,0.2120376330933579,0.13832460802405136,0.19619367657296652,0.16233900186637218,6.352172982795793
49,0.11782828752422407,0.28503754725522656,0.09577301491764766,0.12638337075537595,0.12495909659561624,0.004799639273838152,0.1929374766416471,0.052281567036424066,6.263751550135674
50,0.02941233195307448,0.20479936804270366,0.005305095253901362,0.025798956407333404,0.147059133477153,0.28094131408967415,0.21139706238185324,0.09528673839430674,6.186242220881392
51,0.020857696081214034,0.0210775591960935,0.11627573499982209,0.1480743475416168,0.106902584087437,0.1459300778208488,0.3026549986793643,0.13822700159360346,6.071618913389429
52,0.19282003351980614,0.03319320619729515,0.017577339063117182,0.08522236560759822,0.07635264819145036,0.322105034776598,0.22724011563722624,0.04548925700690874,6.0366433594818805
53,0.05408998998626922,0.3399735019725764,0.10055250268538167,0.06444544337039934,0.03259727916995506,0.29123492842564497,0.04940061090956855,0.06770574348020483,6.3438947758838005
54,0.06322557983486625,0.09167606174131919,0.27873685985499996,0.23324839132119338,0.06336064370182026,0.14401547708557796,0.08573007275436138,0.04000691370586171,6.29880620969261
55,0.014825985875261169,0.027715944601964623,0.25410729803624393,0.07765608288106356,0.1932804349047651,0.05986775407274355,0.3034732160218831,0.06907328360607486,6.269625748610471
56,0.018140397131906953,0.16214278719295208,0.04194617934339255,0.24540967605090566,0.24727294217648108,0.0008162915039631162,0.18030315198930105,0.10396857461109749,5.422967477558707
57,0.044919007651668424,0.06446757756310022,0.10387707355156645,0.1736055783335528,0.07604568162795791,0.07940190134113337,0.25772289763851,0.19996028229251075,6.383667820518575
58,0.28582398870171055,0.11335802182727799,0.07175307697946444,0.026308382870126247,0.17184715925264973,0.24748793203519065,0.06978287635097694,0.013638561982603421,6.125056989893368
59,0.1603164284920663,0.17851214353057537,0.14674916476638952,0.00716978829824204,0.10616229801939549,0.121869613513785,0.09946624298764227,0.17975432039190398,6.1152668173445415
60,0.023374612377228748,0.03627926620304105,0.21525310060168118,0.10493300207081387,0.33442946951522473,0.1808849258964964,0.03563652746485095,0.0692090958706631,6.226849934344534
61,0.22230414179386085,0.19512072180538298,0.18802739337250204,0.11110080888343803,0.11708590301118267,0.023604296821075243,0.028729646589812304,0.1140270877227458,6.187623857276211
62,0.1415996998499768,0.0515006215844021,0.09103891098862255,0.20528499569854045,0.1145466487161664,0.1820137870179085,0.13225927174567617,0.08175606439870711,6.4366246694475855
63,0.3042149064505696,0.16309978122149402,0.2835648308556576,0.026964540522063936,0.05919834134971581,0.051890308009508126,0.05641959010541341,0.05464770148557754,6.213583854814871
64,0.06220992379166164,0.020268758973732308,0.05011990713115188,0.30072538167680574,0.05344406162800213,0.07128497074811539,0.2392438639394328,0.202703132111098,6.1968568312667855
65,0.17664489761955607,0.0026166460528498745,0.03694846325711266,0.024286666506643042,0.1906067413601821,0.01810446052260575,0.1925576286902312,0.3582344959908193,5.484892021495195
66,0.12029219631502001,0.028266877978699007,0.01710209845633186,0.07930939116402463,0.06966796133498371,0.44563685376647777,0.1392620325324385,0.10046258845202453,6.233725024231333
67,0.11804532663562735,0.16894712332877831,0.3860564947054443,0.06637624730136965,0.048474990086555564,0.0682563839649223,0.11358900899337587,0.03025442498392669,6.246465974439902
68,0.16809065404991347,0.056747795746634015,0.24278155852486746,0.18930035902431097,0.17670636501959258,0.05090565112962078,0.11409991584839402,0.0013677006566667252,5.567860175622762
69,0.07130669264343782,0.4173626170044903,0.08276074923243158,0.21862406393987174,0.03004960225117512,0.04361626101737364,0.08643895708328374,0.049841056827936187,6.226718392682136
70,0.25749013418624334,0.15868940962890699,0.0273396042337473,0.004978987137072246,0.05889562618387767,0.23518777740276578,0.18042942017384545,0.07698904105354124,6.09307273256766
71,0.0435301156182452,0.14256816440366166,0.07227368994962938,0.06495084941436885,0.03594403217408214,0.011270719797631406,0.4009190476893525,0.22854338095302887,6.059068060462327
72,0.023944143003486226,0.225314736539742,0.1566004005188352,0.08485821524789522,0.04046797527233795,0.12013613174566855,0.02191093235500959,0.32676746531702533,6.226272607675976
73,0.15534185993675922,0.09647757705720827,0.19567218092106434,0.21249745971152056,0.04745230155334456,0.12121209271940739,0.15264584900137848,0.018700679099317028,6.170193086271933
74,0.1555933151653099,0.0913915334495766,0.29066639978395004,0.04277131892859344,0.19194661564482068,0.1183905676045328,0.05256586016438434,0.05667438925883216,6.266915433064318
75,0.18400661154901854,0.24722832444105522,0.023768822307380397,0.18644802561713925,0.03609235045803866,0.08413217596342062,0.17312903262300813,0.06519465704093931,6.213128700257799
76,0.16739677346239748,0.15583232777437347,0.2901730616492028,0.047184268631889646,0.019744343359953887,0.13817950971343299,0.14187853904188685,0.03961117636686282,6.167825936961169
77,0.010778888721281974,0.5736334093390035,0.1379309686748871,0.11116662668595523,0.06314350323987131,0.005252891166088152,0.033739077579597584,0.06435463459331518,5.99697375619667
78,0.2074314486914127,0.030357754106106343,0.18417352066235218,0.01739108214520257,0.07058051320498822,0.18387425457237805,0.06618518539969842,0.24000624121786146,6.0686332257482825
79,0.022354380028330123,0.11747373136311373,0.30117817815540643,0.08148665473323596,0.11098336723908606,0.07778741245007732,0.10798171239964292,0.18075456363110745,6.2234029250882985
80,0.11681703246426543,0.11256309319813633,0.015196138233751788,0.003360352377887702,0.12022350907616897,0.2641075786174938,0.09828967613886029,0.2694426198934357,5.767846180018009
81,0.2368011904261029,0.14556203480238344,0.08965842808520914,0.025777872722099273,0.07247902323118702,0.1898579330118741,0.14500391495864487,0.09485960276249926,6.18336617646508
82,0.270616399129532,0.020490496393194627,0.1640215249307674,0.10317089387226133,0.005201317366099483,0.07697748421160601,0.30958339662443574,0.04993848747210344,6.15254992239393
83,0.07992586644383597,0.12316715244367701,0.28519234744161165,0.029869543597584945,0.038268206106567317,0.11984690951069758,0.28346719631549383,0.04026277814053168,6.219737772028559
84,0.14895949647420192,0.0723386958944029,0.043177830011727904,0.007496085535812013,0.27176681153892257,0.1093032737147818,0.14956589361653505,0.19739191321361593,6.217447970102377
85,0.029514024370980496,0.17681674202390582,0.21948409470306518,0.16527555165945887,0.12757569562747542,0.04887630363390176,0.06594108700358994,0.16651650097762255,6.269202331593364
86,0.1270705379441298,0.0861627611400689,0.06653910471764024,0.1180622649946921,0.0997753609038436,0.09086167044169793,0.18745608688464693,0.22407221297328037,6.261456466897949
87,0.107666927602492,0.09178010904049623,0.001756631771282892,0.39309838069745884,0.010778579261672177,0.17123040407163273,0.1552847338470972,0.06840423370786804,5.541445414179675
88,0.12806544356634778,0.22347688535538623,0.022977049847306672,0.14764642943006168,0.1708156393783063,0.21721923191001072,0.08611061292829054,0.0036887075842901166,5.915085198695102
89,0.13845866793062045,0.34522067210617063,0.04325103267249862,0.09170417717460652,0.20593381113010947,0.007784686319644937,0.07187478254177114,0.09577217012457824,6.073370119949239
90,0.10984878231838206,0.1438374637967121,0.021839554398784607,0.22870531148627354,0.16406131269338436,0.23146168246541296,0.09877623738335384,0.0014696554576963737,5.461867052510846
91,0.25360300512855766,0.006110998364843963,0.01822224088223098,0.20388344127331282,0.1880987828540028,0.13114737046863462,0.1899748512041542,0.008959309824263,5.897570978418276
92,0.16411752937464005,0.18841621536367764,0.1403966744622821,0.0381393466664771,0.17618050984995426,0.015346007876150754,0.12813393214613938,0.14926978426067875,6.263447111127105
93,0.09757195012595024,0.25489573717502567,0.2679625009156952,0.022234120819972614,0.08030209303739617,0.0194330828075278,0.13703119265506014,0.12056932246337208,6.139258616901416
94,0.11856401819104542,0.2652241224733642,0.03147263561036771,0.0793010863451827,0.09923477403161374,0.097260184940102,0.1413389433703826,0.16760423503794153,6.254635040934064
95,0.07363812017119638,0.09339903956328736,0.18358354822056455,0.2462649299664893,0.0311600896917498,0.1228994064782432,0.022253533985459522,0.22680133192300994,6.259543989488139
96,0.08088956114703207,0.24868620486192455,0.17417212294885884,0.10916571334989356,0.12295469067694158,0.01401760234054101,0.010486593288481939,0.23962751138632646,6.101407901620654
97,0.1905786763165376,0.04662332007416182,0.40819360288193374,0.20761886278360986,0.016671439381550458,0.057515628563234396,0.06732122259766457,0.005477247401307563,6.001229102906413
98,0.19759277065664088,0.01979374554609762,0.24502595888872244,0.21334358294530828,0.2633904839610558,0.009065631691479803,0.039453942375722084,0.01233388393497307,5.863452249050797
99,0.18119053657290618,0.20201685344318768,0.01035930606960345,0.06822139897520704,0.21931542441588886,0.06377439826968047,0.24844055066226406,0.006681531591262332,5.9242161002749665
100,0.04567888167560581,0.03975619060337842,0.1637291223854404,0.11448804944705429,0.07394679261087013,0.2647668650769319,0.09900937723812123,0.1986247209625978,6.266974117545165
101,0.2874294761400833,0.09052105058745007,0.08759599981759063,0.19583043628654556,0.05073442524859285,0.023480319964712882,0.030775652325564666,0.2336326396294599,6.1622006363192945
102,0.1211166543450655,0.08197210510666066,0.14846585035187104,0.007404574109188986,0.11981708021164711,0.24826464034755888,0.06795297751469027,0.20500611801331756,6.171971313974
103,0.1664341040409864,0.012330327679984491,0.1401759936373561,0.24201653293839123,0.12704654639517227,0.06862355458777544,0.13553281524922275,0.10784012547111117,6.290050967930567
104,0.12529208173907733,0.05590037316682644,0.10885978935523197,0.21583780686147547,0.07104562475877539,0.10472473813470255,0.10337114779674374,0.21496843818716713,6.16721246856975
105,0.1467463503780812,0.19030808259248008,0.1957392650611038,0.05458802049179462,0.033051218463384636,0.260199233797464,0.09107626190559874,0.028291567310092833,6.269000427581771
106,0.11073093241961454,0.11372803375256937,0.09501036607759304,0.020688217234219344,0.30229027263404673,0.07708704895219744,0.19744945579747628,0.08301567313228325,6.256117809871567
107,0.06327382635541519,0.19349674016375604,0.21238411821128722,0.10515125035193437,0.20132077360959297,0.012672527894786415,0.08966226046536324,0.12203850294786449,6.1965039575316565
108,0.06833181006696361,0.0720905836353863,0.07844612803382639,0.11286904639891557,0.13407178607506795,0.21153172754319444,0.07647832444446793,0.2461805938021779,6.328794430690961
109,0.19449511937234054,0.10690012704254598,0.022378908911133078,0.04927035862054021,0.09737215642311144,0.08241059737077643,0.13081993145676174,0.3163528008027906,6.149435159669027
110,0.17158244261200006,0.02305121256759911,0.28884470236948706,0.07411391882689976,0.06700725104109212,0.060612852600426724,0.15510948775149389,0.15967813223100127,6.300619587753186
111,0.09556050254906365,0.10062685376988201,0.11885904094680368,0.2415773367550901,0.06042975924520854,0.16357649794136575,0.16062155568482514,0.05874845310776125,6.342369945784496
112,0.2627403681341934,0.10165468100751847,0.09418297125046683,0.0333185898491272,0.30583791527761167,0.04990637335844721,0.14893004319599004,0.0034290579266450776,5.8881215141981516
113,0.04124118528027568,0.1277048610240686,0.1203908323059912,0.04359831394809332,0.06302056454160715,0.28934834578755203,0.19818022425420323,0.11651567285820881,6.202435927806443
114,0.05269828758121609,0.2268735199731817,0.009481796341278017,0.17884894119309436,0.05733344605536761,0.07162002139310687,0.20377422106504145,0.19936976639771384,6.0463845906078655
115,0.09331703424176203,0.06029828346073861,0.20065984451965999,0.10803834469241828,0.17570866822343445,0.3161458424003071,0.019936256855065823,0.025895725606613757,6.116790658298223
116,0.015475658454838294,0.24880156872322862,0.011202439705766589,0.24279441159709175,0.20685327992028368,0.16857833908520875,0.10053068800615297,0.005763614507429224,5.977244720286666
117,0.009498419700742916,0.22884065106302912,0.3510468520594886,0.13218366361109038,0.043050809201053204,0.014603267412863068,0.005653753041652755,0.21512258391008,5.7912160510257245
118,0.054334879978713974,0.15161028303808166,0.03337717192554574,0.1820469492465207,0.17253366219072414,0.10873020907442446,0.05963457988917331,0.237732264656816,6.316146562888857
119,0.07302182774757197,0.013223463312360592,0.25408242492922506,0.06774667814153146,0.028884195592338905,0.022140200358715258,0.08077522507477582,0.460125984843481,6.05514755847484
120,0.17904196130860295,0.0018485028182601572,0.2544910983440825,0.04838541556621557,0.14163728865495345,0.14183299458977824,0.11067311901338049,0.12208961970472666,5.644431658490368
121,0.023788303519496113,0.07935555612889991,0.05383756185729323,0.07984583115220434,0.20074280715963236,0.10038246886927887,0.07887088905162067,0.3831765822615745,6.099809234619192
122,0.12752627124104168,0.04418564534130822,0.1777377841613482,0.009804856396317441,0.1457477194073955,0.3116554120302689,0.09197067953868623,0.09137163188363383,6.081018500857946
123,0.14941562616736317,0.043043797788691586,0.05678941741745331,0.09205445120145271,0.20364722984926764,0.16078491679264437,0.014128596503161336,0.28013596427996584,6.283887251931695
124,0.16201613387962502,0.20669158295630213,0.060410574093044414,0.04837435564987008,0.03906388065499722,0.1898478595972343,0.047238021278512926,0.24635759189041395,6.2775700589928105
125,0.015084092806764992,0.1388532456565155,0.1886405474812715,0.10870407340492254,0.1621082414504534,0.21381097066178428,0.07394495157093182,0.09885387696735595,6.2378612298555325
126,0.15571434955546418,0.024995186896824128,0.022363948124975292,0.2966677274791329,0.08890230412544066,0.0085586973207038,0.19718262188755006,0.20561516460990895,5.865977352835393
127,0.22626210969073923,0.11861330931095072,0.05122593332663327,0.07167953160607561,0.210416279578774,0.16799963207382831,0.02658129570249621,0.1272219087105027,6.351912600015277
128,0.03763153658285336,0.41030106358278123,0.11537894123773743,0.025092338982119027,0.09936024023861546,0.15581270158790972,0.04619089942671808,0.11023227836126569,6.216658010095952
129,0.03434257832732816,0.2647561292505889,0.25080412857998224,0.12399540938594061,0.09041866279964694,0.12973903709899548,0.04682832199835867,0.059115732559158946,6.231208580237857
130,0.14082996410798573,0.10974273498018641,0.2825845805645178,0.11558769759604355,0.02439717415463941,0.134762986225924,0.08066605686677993,0.11142880550392319,6.246263883185904
131,0.04248531829943963,0.17871078124089246,0.09586919833166868,0.0949305034350495,0.19597571899802432,0.2704247770267573,0.025958592576729344,0.09564511009143882,6.227936927673799
132,0.28469432032180403,0.05136825737299313,0.0748970131425559,0.08934678032032872,0.0800589913736729,0.2023845196030635,0.20738020588883707,0.009869911976744802,6.076687021366047
133,0.19461425314368547,0.338253576143123,0.11097293101571971,0.03971426905209751,0.12472484838783796,0.0027002919958345494,0.01513827355595721,0.17388155670574454,5.525911836477048
134,0.1958600371791389,0.10627830632174755,0.16954605352825544,0.24459542510142582,0.1596039884125937,0.07750670890800908,0.033180120740200575,0.013429359808628897,6.178425652950555
135,0.0724813691505846,0.22682057597436917,0.16688970121658572,0.04977556187664102,0.2118320645551464,0.021041316218218156,0.1408471325108829,0.11031227849757208,6.24764971789476
136,0.023996419453484928,0.09762875039557758,0.22390894926969532,0.042046156359696676,0.08873673123632628,0.07761405942081835,0.2869652556618874,0.1591036782025135,6.144331935205189
137,0.23343490421037474,0.15520365512357315,0.13342269624803416,0.09113946915934901,0.08464867479110731,0.10687520085795903,0.15553844083099289,0.0397369587786096,6.3334521734643685
138,0.2267064814381117,0.068930585529028,0.20212267602692546,0.2111264246023528,0.178326070633354,0.07802050369382497,0.015566433142374344,0.019200824934028624,6.211857913110547
139,0.04040282167258308,0.09113481293384233,0.1713599754751911,0.24862242287265393,0.09933074281150833,0.12097840343869516,0.07672528087135022,0.15144553992417592,6.32695270326084
140,0.18675424586147726,0.20773239303089452,0.09478461191391736,0.20975465106717284,0.08556336803246227,0.1329073518307439,0.06901840489216149,0.013484973371170408,6.339461453562819
141,0.155510378097525,0.22920307763293737,0.07982937399158001,0.05664333238140852,0.11401561057895601,0.07108088273152918,0.14325570707132945,0.15046163751473438,6.271732801145848
142,0.04363012426541159,0.15792087662519802,0.16248212536726142,0.16005045836451784,0.006352931472422279,0.20079095658700916,0.18104983758382126,0.08772268973435852,6.276553813573015
143,0.15597552707336396,0.06045212747109799,0.07907302057229416,0.1934525189765623,0.22801761177410287,0.1842195383749735,0.0026308908869986393,0.09617876487060655,5.8663307355671055
144,0.26697607910547305,0.09795338608301354,0.12169399892111168,0.022212278769167967,0.1500955778315305,0.2277658710985362,0.10743880866612598,0.005863999525041138,6.188610749199821
145,0.06917861311017434,0.06840633717195325,0.15409334235063188,0.03791588517729096,0.20144293523112478,0.20719483202975664,0.028733797764792828,0.23303425716427542,6.289001914704983
146,0.07684191777401131,0.0728484777990149,0.12060497339052643,0.01594554309391037,0.23622990686868556,0.2409401788588256,0.1899298324917436,0.04665916972328223,6.136985774040486
147,0.19710270339478653,0.05909930274009567,0.08685934400552305,0.3718402416562024,0.11039739926123547,0.04254699076652137,0.05290593698870383,0.07924808118693175,6.231411194814931
148,0.1427090422540264,0.13141979063563305,0.038629278649856914,0.2017341924325258,0.14053359922549444,0.10447808055255592,0.22275111119270108,0.017744905057206398,6.205231344495019
149,0.19932826409297813,0.1767183839654253,0.31316643102774533,0.01906603884760636,0.021896905324396435,0.14364801959667145,0.050564548124237475,0.07561140902093955,6.266113001157619
150,0.23983176511524365,0.24518851204424474,0.1865629299024803,0.21882352205271804,0.016135952435644734,0.009758387071850842,0.050958099687968134,0.032740831689849544,6.089240599907535
151,0.043295985590347585,0.054242763623480295,0.14369826809768071,0.22166993194024748,0.11059569352447395,0.3037857219353847,0.09161104488654101,0.031100590401844277,6.295253588321295
152,0.2304504735524473,0.08130211486809039,0.12998709489955654,0.12035501405423156,0.15296397740246861,0.11781339499034253,0.012048295876610656,0.15507963435625244,6.22195247560378
153,0.20874139201508649,0.13017672345936745,0.027643501612669815,0.04670808411639927,0.04269064032615405,0.18517672425292273,0.3086031803495769,0.05025975386782341,6.175244544109937
154,0.14243035149746058,0.11951982088017205,0.12450239881142985,0.15461419886453923,0.09863874232244821,0.11654535295614993,0.14984951403537672,0.09389962063242346,6.365700273443398
155,0.17900332970960828,0.13483605714735225,0.046708671071984086,0.09467294037018271,0.07197405137976153,0.160988528020441,0.19316601852046922,0.11865040378020086,6.375362434899824
156,0.12742970777943774,0.021466120602473087,0.14033156502989644,0.07573003691540993,0.14618576619961973,0.22003053225322983,0.08918620132999086,0.1796400698899425,6.249307325667983
157,0.20298320936818068,0.05189446329529684,0.10086590446483934,0.2118051156420257,0.1521515961813038,0.1991178534537808,0.027342829532534703,0.05383902806203818,6.2076058073878295
158,0.16128027791979688,0.01472807343607219,0.14989606258354307,0.11110012274907573,0.1658453866233275,0.12284881712486696,0.1043964506646187,0.16990480889869886,6.194673665288376
159,0.06672427445576232,0.20095803659110992,0.06095869002285927,0.3323757215725336,0.06164149086252355,0.1079279251680836,0.04741137199018389,0.1220024893369439,6.308740009707059
160,0.2117991465717901,0.18906524084721044,0.04134620395014556,0.08328738223289808,0.10824918196381633,0.16256054334369785,0.028525616232048273,0.17516668485839337,6.266782155011742
161,0.06296657738891862,0.2607816172228237,0.060945654590072604,0.061675984375975275,0.06269092692925322,0.19191371169643534,0.07695390990609599,0.2220716178904252,6.357575250300787
162,0.1147745675876364,0.08822228367999438,0.016898403238255012,0.27489222297988664,0.0628754860057084,0.08756924958113341,0.034283654019297026,0.32048413290808864,6.184207363872267
163,0.23808026175890007,0.2836692223520186,0.12378236059148447,0.03240554001380006,0.04779717772346491,0.060098019040606826,0.1961601642899371,0.01800725422978796,6.163776783593143
164,0.019577799476197,0.2907439201429504,0.1240250339803377,0.1545392959802926,0.15258714580624902,0.0029082492207236858,0.21881019712914826,0.03680835826410127,5.66651918553107
165,0.06802114693721997,0.04395093462212973,0.18854777083669838,0.19212098945195105,0.13285004122248922,0.0025515907704745547,0.013751811233797285,0.35820571492523984,5.644330213215579
166,0.0509434083331405,0.15193273227819798,0.10855131877701936,0.06835675258954169,0.20349297180538534,0.09829313116589575,0.12126004666973861,0.19716963838108076,6.289764904007048
167,0.014854363379226028,0.0346899558501501,0.28223487071082337,0.11803246167418843,0.028794114687875787,0.2199192201418524,0.0031755181915410257,0.29829949536434286,5.694390217927393
168,0.14676231978588286,0.047148746640253626,0.2606254977776244,0.3678115831585665,0.06365924236148819,0.05669232197872955,0.03278862586792564,0.02451166242952919,6.199439162400612
169,0.004199268032548225,0.11648938215539266,0.1119325307045565,0.13704202559415343,0.243268980848552,0.17624773854953196,0.2012906600680982,0.009529414047167043,5.92913910062472
170,0.06118167579336415,0.04692199234072973,0.38770109019734583,0.19871164188374052,0.0495938481973009,0.004384027118142397,0.07534567701089982,0.17616004745847674,6.092378210824693
171,0.09277443339831912,0.03647212834155699,0.23486734033050888,0.12394357739601483,0.38020502949989815,0.03739359725529179,0.08533031293128485,0.009013580847125379,6.081682258527958
172,0.028234625797710987,0.19767948492059667,0.13131472882987938,0.1371407848096611,0.13368086253878725,0.189103648218023,0.04852744733664894,0.13431841754869275,6.257878375960583
173,0.16074873461196826,0.0032609869391695945,0.12393313249369602,0.09045318122496182,0.12603776129370867,0.10829138248421621,0.1795979356415468,0.2076768853107325,5.827846702475622
174,0.008627166451884867,0.049063935997293494,0.2846233635241778,0.237982208385609,0.09405769794149325,0.22124345808669138,0.08310498150652955,0.021297188106320693,6.058184255258302
175,0.06644030876726817,0.21347431502284434,0.18920438424097208,0.1159308310588601,0.16523262354178372,0.09172455558986879,0.10946827871536435,0.04852470306303837,6.263570742341315
176,0.09940813652567995,0.17187511772642147,0.22405498011622896,0.11044734196224015,0.16120290900149684,0.03509536488624853,0.09140020231440046,0.10651594746728364,6.331419143354482
177,0.189049017295927,0.1094384852383837,0.008377353536801427,0.08199091425798531,0.21631808772076677,0.21602367890329752,0.07425920473045293,0.10454325831638525,6.147852601394865
178,0.19827651198299048,0.148364290776249,0.07362857204355124,0.03288070340522327,0.15327179588695236,0.14568822832759068,0.01642384649519257,0.23146605108225027,6.146578969424791
179,0.07435839859856787,0.2779606397907179,0.09277186458219408,0.03306588463795657,0.04194782484443682,0.1781067208976468,0.1763518573237115,0.12543680932476833,6.298629813496258
180,0.14315470995416454,0.13818329330744314,0.07135596153004953,0.06408257808322355,0.20366752827025467,0.08562362711372472,0.10832354701944598,0.18560875472169377,6.332155260531446
181,0.24225592611896138,0.17887770330990846,0.1348646275685669,0.023682220733256248,0.15714627147605567,0.1534555890292335,0.08786702290637224,0.02185063885764556,6.124411402526666
182,0.07959014291470881,0.06528286815598534,0.19185494522402527,0.14257956473674127,0.0007114419218146147,0.24060430975931002,0.06391998131760718,0.21545674596980752,5.552974780528116
183,0.003303766782923955,0.2137384407750925,0.1689830370864949,0.11879596119057564,0.018016954562687513,0.13718358344000298,0.06394486494490337,0.27603339121731907,5.826212845645536
184,0.061951105648591846,0.06502644031392779,0.20575188118427754,0.0936401141602453,0.16536520731991464,0.061714211550635126,0.1964840729347477,0.15006696688765994,6.434600967539657
185,0.11353558702856592,0.19904407682447584,0.029416073125912136,0.4106078463957372,0.05678090902179794,0.021658024299218002,0.0770689500688461,0.09188853323544677,6.160554437344688
186,0.06638589438505385,0.22363166436465876,0.04011175566654411,0.06889182626218548,0.13966046179867633,0.17979491249556714,0.11166215917368555,0.1698613258536288,6.301729978024794
187,0.04385288060875919,0.03423071644652304,0.06947114345646072,0.23009634811126112,0.05978396224691649,0.3377018680457602,0.008353400241380782,0.21650968084293842,6.07239257547516
188,0.13313749328364483,0.056514787442834495,0.15101819182761783,0.02427584997498994,0.12080830033481671,0.18248760922974874,0.020900373248353112,0.31085739465799433,6.188750551378487
189,0.12339671006556405,0.029339909706089285,0.0855997829868682,0.13665407745726627,0.12850606452387153,0.048457252507419724,0.1587701525847484,0.2892760501681725,6.220910355276429
190,0.1605729156586925,0.151943797020768,0.09234849637392648,0.15240925312518058,0.07393452392820474,0.07711978396118956,0.15998178640823907,0.13168944352379902,6.427639827222065
191,0.306714130534638,0.05690641576962479,0.16956086779195353,0.15031813040430722,0.025308190388569584,0.14449429319208823,0.07680819778420757,0.06988977413461113,6.267247492937187
192,0.19868434293280984,0.10794848725453624,0.10381753051967217,0.06007698811375404,0.02209127977336643,0.18373716496835324,0.03435450727496603,0.2892896991625421,6.122085626021704
193,0.076129265384387,0.318713556008832,0.16545583227705118,0.030660170111887746,0.15945398290365234,0.031428140189145554,0.0330167555406485,0.18514229758439568,6.159242430853666
194,0.2064636516023076,0.1530892933394847,0.18320093025367246,0.0311557309593057,0.16499866522835155,0.012061000616574334,0.007372900202747728,0.24165782779755604,5.924830098552486
195,0.014763149993537035,0.1778684046566207,0.08047640709406385,0.03279513373342927,0.13064671694615193,0.09242931024157179,0.36985600458912676,0.10116487274549858,6.1319356615202665
196,0.2067462365751111,0.11550611461797337,0.06910484659526842,0.007893697456855805,0.04263486629403646,0.11700070350660313,0.39972235498621417,0.041391179967937564,5.993684673876397
197,0.3314671878770275,0.1397797152675627,0.06502012029809562,0.12229111565351218,0.05243833294837352,0.020642124580760195,0.19821051057732736,0.07015089279734096,6.267742204530796
198,0.08546105332040833,0.023383867978049647,0.142760647529096,0.08809303966332072,0.008987035463020201,0.2627846097989183,0.18519435167922402,0.2033353945679627,6.080165724902628
199,0.18088958799903485,0.07012389182642546,0.02582894806041683,0.17687001803504546,0.30320537907880213,0.039978046566947784,0.03871080862704782,0.16439331980627983,6.18128311526609
200,0.26597338904253615,0.09706635922761359,0.13751813048377662,0.22966782540109654,0.09043585921511536,0.05057495255511002,0.0918731938259183,0.036890290248833404,6.257774181550593
201,0.12902650165055823,0.003437056295415137,0.043125818811861276,0.10745506883409818,0.11051503213157864,0.4574173876488173,0.02728110236049982,0.1217420322671714,5.869296790068435
202,0.09132094234670073,0.09031237217562307,0.1324031602862767,0.29710182011931946,0.16434002338732556,0.1249297002155461,0.004487374753385348,0.09510460671582306,6.269429844588247
203,0.02268767051512196,0.10234401718572128,0.0034731321360281665,0.15502577301606574,0.25142509011154784,0.3524167136556892,0.033531023796199974,0.0790965795836258,5.7581768580132575
204,0.2926644060835771,0.018271211541398765,0.25245206388573055,0.18378525097688797,0.0543402044489997,0.07778518497509603,0.10877542292706821,0.011926255161241638,6.046197119292206
205,0.06927893459157758,0.34737148242401267,0.2479686819252329,0.10477038950981896,0.07885555142569348,0.0007748792435418672,0.11507739576265509,0.035902685117467546,5.341378208853323
206,0.10953569431278139,0.08892547983239078,0.06816294034212822,0.15134423284593157,0.0036190668380762,0.2399642640575919,0.18512023820505946,0.15332808356604044,6.033554844043249
207,0.13399786802106556,0.07394370594024832,0.26499968028870263,0.1177769665871189,0.23950808853859004,0.0019901276265273504,0.06206881824843388,0.1057147447493133,5.694361812576856
208,0.28088626339368883,0.07937179838023614,0.24611486012226735,0.06093957160891174,0.04269083001127022,0.04438244804712601,0.02826707433784197,0.21734715409865782,6.216456797173862
209,0.021121837924132,0.034918857827780016,0.026757760322947254,0.07375553725583499,0.062290664025308216,0.29276495146665144,0.2605072936559944,0.22788309752135175,6.051574860647891
210,0.269251428027063,0.1290666802580295,0.0839680554711591,0.08837566524589525,0.17281323449121866,0.14286234530561068,0.018636763651764653,0.09502582754925912,6.241503552173077
211,0.11324107525420546,0.1310185182518438,0.15629012309086948,0.25124589409326914,0.0037199364485803045,0.13201601229437754,0.10902878709300336,0.10343965347385098,5.944217042814787
212,0.05531498501555856,0.006484689125449213,0.1745395298899749,0.15300594353041708,0.1248348830153033,0.2806383699207067,0.13596425832082354,0.06921734118176681,6.166927605730205
213,0.05456937587796679,0.14169236046133826,0.10235103606145195,0.18931013951335426,0.2537463596083542,0.09439960336474577,0.07591636836389196,0.08801475674889679,6.254744363577919
214,0.1427860667740942,0.17130691925602845,0.07992116029157417,0.009975342245440473,0.23663721637583957,0.05643502147397623,0.15538791420869605,0.14755035937435082,6.193056527488413
215,0.09284537108728173,0.059106260790012057,0.013620193472833613,0.08380716034050459,0.3253872309013012,0.07799658722091454,0.0646764138295254,0.28256078235762694,6.097090997098267
216,0.15266274350167017,0.05957134990159707,0.1395215367136915,0.1559091876431766,0.062230542876120946,0.35554128835685234,0.028747375455846054,0.04581597555104537,6.304921987465805
217,0.12778491207548873,0.11620521486614586,0.2694007966436084,0.052493507076780896,0.16077994785093516,0.11505197948442043,0.15090894142220795,0.00737470058041253,6.215319375340317
218,0.016791379194843508,0.14931284335120623,0.12920594449116546,0.0892244572406586,0.36466929606707893,0.04932999262582435,0.03831171933006314,0.1631543676991598,6.113846233258267
219,0.21096525807867458,0.20476609310346564,0.007390190518369251,0.12592301450691376,0.2672710216056655,0.08545561450132848,0.04674520110233929,0.05148360658324352,6.143402318703398
