,0,1,2,3,4,5,6,7,8
0,0.100619081014891,0.0197807738782225,0.07000249632674371,0.21764969165884177,0.047436301100648934,0.020375625317428616,0.23423476530294624,0.28990126540027733,9.64418358513738
1,0.06753789146135454,0.30639326963503716,0.27257885132493864,0.026553277592109077,0.053585719157152344,0.041659016046729454,0.001328577198045065,0.23036339758463367,9.419327224004158
2,0.20364993955043512,0.17326585885934637,0.06781250709130494,0.23454186342316935,0.15265389927791076,0.008983065027813226,0.06089231615645241,0.09820055061356785,9.922937301029755
3,0.2751021012562038,0.12489964266171463,0.22487033326606157,0.05853886556503241,0.08074910412120519,0.04329303408731134,0.06878968174618158,0.12375723729628937,9.938111970926476
4,0.16197772790881132,0.025204483193220703,0.13620892340035198,0.23317107365964085,0.23394863642657115,0.13882713685685638,0.0439852831576654,0.02667673539688224,9.790984683495692
5,0.13455580170367992,0.059711234271785395,0.010407367264370634,0.13898277766593486,0.1946109845374994,0.16191455811056843,0.1253811230026539,0.1744361534435074,9.991963857030242
6,0.15947891612713616,0.3078574108378433,0.1101195930743565,0.04324661794706609,0.17638855440439083,0.11511024026329074,0.03991507193904758,0.047883595406868866,9.719965889971332
7,0.012336141583870523,0.16290489130113245,0.03399328579886606,0.16130532758817334,0.2771974502746886,0.18663781244597163,0.08033887244707179,0.08528621856022554,9.903674477117832
8,0.10100850347100267,0.092186158580184,0.04241516995207012,0.20277608477023198,0.038916285122967686,0.2656648100074384,0.03618254533387138,0.2208504427622337,10.021132844754918
9,0.06502415797604676,0.028807236231267044,0.23672213690199292,0.06121226756095716,0.3489691533788473,0.08498507533059263,0.029182834708218554,0.14509713791207762,9.940343819263262
10,0.027896728966132843,0.22186754836011324,0.09935369774107228,0.05711183066707201,0.22203805667498194,0.0998241068539376,0.1658932778442033,0.10601475289248677,9.69895823454562
11,0.037371049591343554,0.23481566235999932,0.057668108275166434,0.21862228644609566,0.02346687678999427,0.17534988240898286,0.2268330930954076,0.02587304103301026,9.64195053935767
12,0.15612101127478595,0.026612714739797094,0.08591619605460399,0.06740299729465704,0.12120807397142715,0.1536094119720706,0.17629626142770394,0.21283333326495418,10.080123670998058
13,0.022842354434230105,0.07783810643459195,0.11530001592505879,0.053121920169108966,0.4935200193875663,0.10250283679905088,0.043336931368681976,0.09153781548171097,9.263452249290179
14,0.021354746229349863,0.1119220756892036,0.05406428660039069,0.26475511010680475,0.134794241864322,0.03126320133250712,0.1300606831964011,0.25178565498102096,10.050860007109993
15,0.20397234955770094,0.038491750976289714,0.26762061040903035,0.26028879415330625,0.10204605846731024,0.05103843072581117,0.03271081040327655,0.04383119530727491,9.772054932914317
16,0.17921210881096458,0.2511996715836527,0.013333102044659434,0.176255265666891,0.0008077846784443061,0.2046688372392277,0.002836270763159878,0.17168695921300042,8.985548452238724
17,0.15772594287434538,0.08409459818634549,0.11288525175915484,0.10955349960081907,0.1108956380823787,0.03172772565094979,0.2120336524759928,0.1810836913700139,9.918404143581329
18,0.20653410210122167,0.28892589257609236,0.1445631382253931,0.13531476397029168,0.005541519372668081,0.007393035843840112,0.0005018652072958394,0.2112256827031972,9.187721843512827
19,0.05438882035088661,0.10054328310994176,0.2056042917012361,0.01706023268452754,0.18354207351627483,0.15447405424133373,0.1123224739370496,0.17206477045874982,9.899608179334418
20,0.016403833680976924,0.17511062720234966,0.035663787619769106,0.1861434225517843,0.15893101029023363,0.2637853214832698,0.10445154788952918,0.059510449282087576,9.785744922446074
21,0.23335993730484694,0.02977726602285534,0.12406853455217133,0.022606753903402017,0.0517218744440422,0.2493672734228345,0.14163312575306336,0.1474652345967844,9.907188918366067
22,0.20855287936349753,0.035141248459193274,0.019231781257133106,0.4431647105022655,0.13178032268247608,0.02872476233927547,0.03205375505029738,0.10135054034586176,9.284119868842431
23,0.033997673887376754,0.17928934288022785,0.022884909882702024,0.23067534958606317,0.02473950487028353,0.2221307086815231,0.17352416930623324,0.11275834090559042,9.830377889788117
24,0.08303656094723519,0.0076843938400750576,0.16252737234419942,0.22324811406566414,0.04558113269311274,0.09027805101853875,0.09996254476520335,0.28768183032597144,9.85606034989875
25,0.06266589071186592,0.22750681062946798,0.12545101845005266,0.07054842192914709,0.07988023586893232,0.13882056097487197,0.17764178144968965,0.11748527998597232,9.987141910596577
26,0.1079244452155056,0.23320001571153798,0.07250470002686403,0.26535108868338736,0.03882082735281241,0.13526477097367975,0.10145384779645425,0.04548030423975863,10.057628148327288
27,0.14998929267558014,0.012526167822305779,0.4310952491288795,0.05573505757151362,0.1580074342570356,0.17066660023680047,0.016931885591107462,0.005048312716777363,9.204952027875855
28,0.09478911463376491,0.07417848754063416,0.24340995593719453,0.1679489617205948,0.03369103559669105,0.1293487488041958,0.24279696499368822,0.013836730773236557,9.827588369985257
29,0.022964528501621333,0.19815950759363543,0.18761532558369207,0.17831701990748167,0.1958975907988562,0.07988571468403834,0.05691701956545201,0.08024329336522297,9.833860712231058
30,0.2046046537253402,0.33626249749583303,0.04981959790475413,0.12908819894532458,0.04207080334616599,0.061606431615028434,0.026445555713441826,0.15010226125411164,9.654014546154858
31,0.03463273628978097,0.061828446328143265,0.16030709097046852,0.0015266121408511683,0.04964373266513148,0.2631187595056769,0.2522950586611701,0.17664756343877763,9.368767687458533
32,0.11707540934187154,0.11431946771426457,0.06984845389350419,0.09779864253130836,0.028121430731846867,0.2405171672314748,0.1279836096995668,0.20433581885616287,9.803030829746321
33,0.21014158849998765,0.160532395560771,0.16594932303700108,0.1612772419318899,0.004556853551285393,0.07970859834569721,0.026423878425579608,0.19141012064778823,9.581897034523523
34,0.21557353232740575,0.15019326636030542,0.22220288956747775,0.010792483539551326,0.15471925466420816,0.040374359069597146,0.17496315589884787,0.031181058572606495,9.502825976759883
35,0.28222420664908876,0.17389987787096,0.10839107819237677,0.020277865291500684,0.0174398994574111,0.13975268691007603,0.11835961201277073,0.1396547736158159,9.716948375092016
36,0.11773232371393878,0.028822832658128624,0.12737553734864834,0.11000685194479584,0.122206098349433,0.24234103386997577,0.08105308946215209,0.1704622326529274,9.975486727795808
37,0.003702389141600967,0.04169646029359695,0.0029326580763662192,0.3506993651824252,0.06136055634411158,0.002329803188826547,0.07134855505159084,0.4659302127214817,8.814082511150822
38,0.1692809753905958,0.23542839105384225,0.15434002764942437,0.13940391882650935,0.05530637408567711,0.033365241499174574,0.20227255543351075,0.010602516061265934,9.933514800952828
39,0.19140662184570448,0.1350574670645543,0.039117136690633665,0.0026018797387629537,0.040547738736634954,0.20047983442858058,0.3390127696861408,0.05177655180898826,9.551035367234975
40,0.14327094188470801,0.19013641127541703,0.0874062275973319,0.1430153392996456,0.11282110568302119,0.17306789607072154,0.11836874888855602,0.03191332930059867,10.02543379612087
41,0.03463975389437212,0.27666643234353483,0.06682292482293738,0.16691415165941345,0.04648749075395874,0.13275559115533914,0.0692717182671986,0.20644193710324568,10.007345501391288
42,0.2874949490914171,0.15777903987616132,0.20089765862329942,0.008688267286213244,0.04010957809018534,0.11228110377708939,0.1740198885173448,0.018729514738289477,9.494067528344985
43,0.021472318512213835,0.06282599613087811,0.24146339211504111,0.042093039829747804,0.24578111007098435,0.06768289875555865,0.2755394808107313,0.04314176377484482,9.97076381723317
44,0.14806386913239,0.1478554327726621,0.008431688331156982,0.08809650157054225,0.0394298344501918,0.14797064785029718,0.1621849214509351,0.2579671044418245,9.555135171431692
45,0.06431768553966474,0.1141815059380673,0.2486795226786266,0.0986891352334045,0.10453868648277959,0.09556909044791306,0.12125726096293259,0.1527671127166116,10.103856986200833
46,0.06799287258574309,0.09768320585851763,0.08292146854490473,0.015805778187730758,0.01630389401029795,0.07437981937052632,0.4195703192821614,0.22534264216011815,9.255509133209895
47,0.08080697824156063,0.17885710185368867,0.01100072719729454,0.29245502693435593,0.06974407333965045,0.019007377978823424,0.20030823762113076,0.1478204768334955,9.911183879428753
48,0.06325592562742272,0.08226845129180904,0.23199928284874863,0.07347483643854583,0.04061644307778704,0.07162270704192891,0.27827975308690056,0.15848260058685737,9.837268718607891
49,0.02095759279019889,0.19509441911048261,0.23749176355748455,0.023677032847700903,0.09117515636723039,0.15437117136856907,0.16530115292433095,0.1119317110340026,9.852880618875826
50,0.004517206917166616,0.1353182539404378,0.03866294845664595,0.09493808059501374,0.09803532593999467,0.20094326496350529,0.07026607476508283,0.35731884442215317,9.3832829023829
51,0.21481715814291943,0.2642746570913611,0.11412094647853183,0.08322420902368925,0.17037009749986168,0.0006157272975148731,0.08465507762120994,0.06792212684491188,9.47398065211356
52,0.23830932026758883,0.2855670299972645,0.07592140738257343,0.11673556670330226,0.028302001428016154,0.16060368809993708,0.04975336235498382,0.04480762376633385,9.700944389287717
53,0.10805889105204167,0.23726647244053406,0.023259561031222824,0.2226019570033355,0.017065031204760824,0.2562267121347408,0.0912887398381973,0.044232635295167105,9.737961741863788
54,0.07259251123827692,0.004323203178345639,0.13809241265443717,0.09717797970323692,0.0880415528341292,0.2798263521205244,0.028605718014727402,0.2913402702563223,9.625370602658815
55,0.14071466506223695,0.13098835691553734,0.031821321430921014,0.1434888834556321,0.06705241394365927,0.12264684095175044,0.24443417140325743,0.11885334683700548,10.032429268898667
56,0.07872646981931593,0.2693108647110235,0.009716822107742273,0.13993477106448743,0.015237994604068666,0.24599726272085098,0.130486296850736,0.11058951812177518,9.592063304754255
57,0.06146552978698335,0.2317533367202406,0.04614091690799251,0.10427239510067322,0.03976432059814318,0.008864189226700582,0.3228835527846102,0.18485575887465647,9.69638640359499
58,0.15807775524776094,0.06674043029747885,0.14976020163543563,0.13383066135926228,0.0180724127698491,0.18243234753255647,0.20644261359024008,0.08464357756741672,10.052767033687577
59,0.059122068256705386,0.1280364121739084,0.07845876949454479,0.10768186697553186,0.1144152764385832,0.31180512569705493,0.1717994284951124,0.02868105246855914,9.743964252556674
60,0.25836352761912523,0.10817436856130291,0.16869953294360687,0.04533296572652621,0.1743553550024849,0.033508177567336685,0.0157363647156897,0.19582970786392753,9.811065476588961
61,0.09450412734969386,0.17466391789309196,0.03348907205375614,0.13407943599736016,0.1076444870228773,0.22592727353386935,0.12240592075883445,0.10728576539051689,10.180531174677537
62,0.032217855478223964,0.05707339609361374,0.14397062721917206,0.17123024093768568,0.0364433223846654,0.15436746014959563,0.17228051791104912,0.23241657982599442,9.973813494193493
63,0.10637762205698514,0.11610628828941563,0.0021068046828952884,0.2835691330771489,0.012974253284442249,0.005866431544502323,0.335596427601416,0.13740303946319432,9.199018831354255
64,0.021753466787313224,0.1627286514254169,0.1139019384680369,0.029136381324477198,0.11034267699102605,0.1934707053661595,0.17481216580472306,0.19385401383284714,9.977133846054492
65,0.04681622580236398,0.4699451834543928,0.021708218050376645,0.04715596536627232,0.05667173493911375,0.07889368984834019,0.09874816392116084,0.18006081861797948,9.205297233414077
66,0.11278760900764946,0.03648016003648663,0.0458470539917107,0.07016230598015888,0.08678083821296098,0.03389872313594295,0.329729927705067,0.2843133819300235,9.658297441092152
67,0.05832245577482165,0.14760862364610386,0.06630272014511478,0.01778303166988031,0.24445103985599412,0.15501102040885695,0.044723376595516416,0.26579773190371186,9.763346709853021
68,0.07206769848040964,0.15237287140058003,0.09726050208242182,0.0511731832775781,0.13338910284317662,0.10886683406165643,0.29876342674445255,0.08610638110972474,9.85486395865165
69,0.24117109833122458,0.15562448907276605,0.04357672133697767,0.2140641400761976,0.1845684606689474,0.02163130851448486,0.10549249561679411,0.033871286382607765,9.84290017909144
70,0.05944900810342175,0.11901390209607728,0.004536462208328315,0.3765479678517961,0.054407721312821344,0.31221444621459393,0.027266018966678265,0.04656447324628298,9.211417868013715
71,0.19227315482285834,0.054200276128678504,0.015087132182505241,0.07539744667426813,0.1283943297835832,0.04168744893635948,0.20481114428453778,0.2881490671872093,9.670233290512655
72,0.068270867262326,0.23855891541773622,0.009796481568753266,0.08628372396665686,0.018930824001384586,0.18393075612078746,0.3046036724386701,0.08962475922368558,9.537771638476181
73,0.1687367413220617,0.17552628175793286,0.05376148987045833,0.1870850598628869,0.18723426253298714,0.09441332645066831,0.05876584231879223,0.07447699588421265,10.111544683764883
74,0.05027985053890774,0.027549383258370877,0.23571317275283202,0.29023084101895774,0.025247385130715037,0.10980900978056911,0.2599638553828581,0.0012065021367893153,9.39080845023226
75,0.1378644006296351,0.0456045762011677,0.016477756842846907,0.17037047155292714,0.2897867434996134,0.14187766695081103,0.16602581719966947,0.031992567123329214,9.70053919220211
76,0.06959488613780498,0.13714821255076473,0.05621114924646289,0.056458990724592414,0.14419875356404022,0.14459813374679661,0.2591355202049218,0.13265435382461635,10.114907431266417
77,0.09542779720034979,0.28683538335924774,0.15574269442216568,0.1262676694593038,0.08048181098847335,0.021692213557179006,0.11277218249817669,0.12078024851510402,10.03286196556543
78,0.12549188123993968,8.155064507455323e-05,0.2453979229905451,0.12415660152539934,0.2686443920326867,0.12080534067354953,0.043175327708167184,0.07224698318463782,9.56459730458766
79,0.010935328252248617,0.2826082292085416,0.11339020325653991,0.04965681239603058,0.04153626876329255,0.35806194637631233,0.006313591347891165,0.13749762039914323,9.227452212128723
80,0.17080911062815654,0.09507117240794803,0.04066295802609695,0.034739348205103486,0.06295690011373854,0.20668108188929557,0.18882547882315906,0.20025394990650178,9.958710776504493
81,0.04170447313211578,0.08635155917473306,0.03580284860273807,0.18938183930493901,0.12335525347455457,0.18569779122541763,0.31821280115985956,0.0194934339256424,9.748928841949425
82,0.018378303250447522,0.31699122321597595,0.025290563478904935,0.18392492503144225,0.017159338599213647,0.22369292531203086,0.13453695518057837,0.08002576593140652,9.578415579092217
83,0.12696235975683565,0.0499714247938406,0.24248390960481422,0.049161031520072444,0.1313751053983142,0.2435596647647304,0.14207416788218197,0.014412336279210583,10.032260414794484
84,0.13348727812721176,0.3148752479055669,0.02708391082450986,0.07807137238464663,0.024731014410975374,0.15305604952630475,0.03600039156096955,0.23269473525981524,9.592989525622173
85,0.27338388206712794,0.058193543491208824,0.2512598283913013,0.13599156888002187,0.07104343003497551,0.11855855281986279,0.08627711352858643,0.00529208078691534,9.711504501564995
86,0.0940658711135833,0.00875820141523968,0.13900429176180734,0.18397377508185622,0.18939718827610436,0.15859096106680898,0.1079974546658187,0.11821225661878138,9.854271345392107
87,0.06649141296121171,0.22234447968952317,0.09528278458115726,0.02048330535051264,0.1821427924469175,0.14101867479634334,0.18936877667881052,0.08286777349552406,10.007064296358887
88,0.0386765714895096,0.05184584981019162,0.21835363586534526,0.1783686645608621,0.00964852790783365,0.21480787509622015,0.2801111293014327,0.008187745968604946,9.35361645838282
89,0.22630579239463802,0.11989606103168167,0.07836837965179978,0.030571939942827475,0.14516197953165216,0.15784619622482368,0.15777683852959837,0.08407281269297884,10.107839667007067
90,0.12253619746915625,0.20823676521500847,0.06449765420552256,0.07917734611417922,0.11337742684231497,0.16351581286589795,0.12631219668807636,0.12234660059984412,10.110745843935192
91,0.06583665686077585,0.19618747621088628,0.10810907764495911,0.286648530978083,0.006405578151635143,0.040834049027076554,0.24789770444891607,0.048080926677668,9.72239385083245
92,0.0296442524238917,0.0013112350375445191,0.03574305672024402,0.2853740290653072,0.26512270370124136,0.04552072643971543,0.12560282869217704,0.2116811679198788,9.443461228125077
93,0.20718585831930725,0.1882192985651305,0.11118066922575462,0.1816189282773339,0.19674913314383163,0.03054257160449878,0.03227959521667495,0.052223945647468364,9.84513259723642
94,0.034983832909437296,0.2574125926561927,0.06039721496280196,0.06790409036637916,0.019667956384134707,0.29701157922872023,0.02597750732826619,0.2366452261640676,9.558707459642637
95,0.14181639910871147,0.20029400269476172,0.04567860407371447,0.18273408055631596,0.03104279704760594,0.10376563610844593,0.16287143402577653,0.13179704638466805,9.936119478702725
96,0.016613565623159306,0.22801831590821794,0.379828972877997,0.07132864585811678,0.06008159461828089,0.03370404945588074,0.040886096324952555,0.16953875933339477,9.515573382143826
97,0.09261549453888887,0.09794901939620154,0.26719895594603493,0.18571065398117592,0.029377868560173975,0.16404658454600252,0.05950385751192939,0.10359756551959284,9.80204518204983
98,0.030272916458884983,0.11565890194998882,0.3332431398049269,0.022890004982540544,0.02890148810652569,0.1580575832176675,0.1561762188827436,0.15479974659672202,9.542219984261587
99,0.13972133416022486,0.08746848972013647,0.08641929299798087,0.10563483619955692,0.23627414149495918,0.10889496062413744,0.0923701466480024,0.1432167981550018,10.323016498228942
100,0.12518665102886234,0.020728728081022416,0.07009441532168417,0.04171662189465918,0.07062698283089175,0.014239208186330404,0.3504428794431552,0.3069645132133945,9.450895957189939
101,0.16952351512111263,0.2063078767472961,0.2550674551953051,0.15377086552471314,0.09679212486668846,0.02808430609742937,0.06270170529348057,0.027752151153974672,9.658534028481805
102,0.1833065712001316,0.1553954912777146,0.15664635987556813,0.118553450037974,0.0022099485442751625,0.30235396851321156,0.040011618560322905,0.04152259199080204,9.715578269941233
103,0.06419620990338488,0.05191423719135105,0.15209890480974408,0.11531694039070535,0.17997454361300286,0.19125952256726841,0.07670591302104168,0.1685337285035016,10.135218283109555
104,0.19566103003193086,0.051980933500063664,0.0035849205507545306,0.0868484193092937,0.2998597334325488,0.09703154496056714,0.10989929713170217,0.15513412108313918,9.664812783240162
105,0.025756211248636366,0.06428724830869535,0.014373902520080884,0.1574466093929862,0.12614709457920004,0.18835498631023367,0.096247356603001,0.3273865910371665,9.640837832291089
106,0.11482090908261279,0.027582739975296502,0.36883656460888403,0.02927992334667627,0.23419351322583237,0.051540113698011154,0.05301336842783854,0.12073286763484832,9.686202350470236
107,0.23871870752424204,0.02614601224153672,0.1457045789396245,0.1062303919344379,0.1325253532900145,0.18205132725391376,0.08184680859899414,0.08677682021723637,9.963860030698147
108,0.07070696221594333,0.25468980906175565,0.07546118010657182,0.29921690582304045,0.020866678076616758,0.038317772685738494,0.08447826376038428,0.1562624282699491,9.623359679441814
109,0.030212157323320523,0.0016970520492239035,0.1804615877878688,0.2007944881579151,0.21032174483850102,0.15478021697114072,0.13309830283346136,0.08863445003856858,9.528144321609908
110,0.09804260772888669,0.07342607430822051,0.1612237505283235,0.12205809573835634,0.006588160097286766,0.09498167068564156,0.2045429117857337,0.23913672912755096,9.759028979823114
111,0.08004394108141176,0.24112526582608518,0.13853346078829723,0.08820750894760075,0.09264077280090378,0.2052138255944485,0.055342579893747794,0.098892645067505,10.105491211780302
112,0.04428241141231685,0.20785246129484486,0.2859409281476208,0.14718890130069034,0.03517198616383034,0.27253082974436943,0.004831538384914965,0.0022009435514124772,9.221639231748735
113,0.4045530897594221,0.10292638493852359,0.021773087640554703,0.0852664048181341,0.12217856005715096,0.08228551106661236,0.003405197625948291,0.17761176409365384,9.416062251689368
114,0.14578402109617286,0.11231412781586317,0.14824174992387204,0.12595601504144666,0.06921330662336918,0.10473336645216624,0.2140261817995425,0.07973123124756734,10.174565696397712
115,0.18821265696127654,0.07154591643995774,0.01933851063844536,0.19230696347506177,0.40653249305282146,0.004722383420416579,0.051168658619152166,0.06617241739286847,9.303184988224903
116,0.005237529836390984,0.015116673894108066,0.12195485314668708,0.11708379565678692,0.22995885998490728,0.36462259874357966,0.014008787721299338,0.13201690101624053,9.429521539511462
117,0.003733053031195172,0.19962753129772765,0.0039877586480529595,0.09560507795770228,0.1872033785633392,0.22841375222993304,0.2169876036199628,0.06444184465208692,9.498046812552385
118,0.014007257296653077,0.09504472811261172,0.010072269944128683,0.2797428426965916,0.1147385623956972,0.20155190527329336,0.07804681256502911,0.20679562171599522,9.689097091357986
119,0.012383872727544284,0.21358889991198823,0.062346346926695086,0.12632663785847276,0.07911950712939736,0.2618763041184937,0.13820949760198423,0.10614893372542421,9.805405364076886
120,0.04959023465251545,0.0009432749256900579,0.29208139954943013,0.2120265076204515,0.13293413424487244,0.176591649729166,0.10698582999141082,0.028846969286463735,9.492471897037593
121,0.05073866746077756,0.09552073279843677,0.09233447055500853,0.0599227213050069,0.1696902214669953,0.19137454230690248,0.17930142822367423,0.16111721588319808,10.049939939030107
122,0.09962515934492097,0.01261608797455382,0.10822594585025196,0.11845046195514548,0.25119642360790184,0.08329512705186398,0.11111476264274509,0.2154760315726168,9.952421237552503
123,0.15767326888253239,0.03588527544356312,0.08885276015387722,0.19757341992348978,0.1825390641631037,0.21304605467889598,0.007665654898384769,0.11676450185615309,9.854635493083798
124,0.31819363975921655,0.03677000609867676,0.1712461706769611,0.07369764923707832,0.21279977497105723,0.06538863301724046,0.0014640534671778985,0.12044007277259174,9.427686281785551
125,0.2593058442131775,0.16874078856695562,0.0566734213207649,0.11016215427172363,0.13477540349988212,0.08995902367566427,0.006196171580991607,0.17418719287084045,10.10423026044401
126,0.28919625615009054,0.10260032806479152,0.14513081507186038,0.007893570647036656,0.0335870540711377,0.06809927557399785,0.07750403814098777,0.27598866228009755,9.566046610277628
127,0.0054876130277126825,0.08416206360253731,0.04982242302172333,0.23412506602833857,0.2019579917263655,0.05878474678419776,0.0019836928518705446,0.3636764029572543,9.113688785919976
128,0.16435385901488406,0.13510312347561407,0.06376947569328299,0.15281965378713566,0.0032290160950772624,0.39957430755078405,0.01071964591420572,0.07043091846901613,9.189719642298238
129,0.05442200755573569,0.09297728527622787,0.03074117689522751,0.2330909378895091,0.014157039735186776,0.202522705540964,0.34468500137179425,0.027403845735354832,9.65863269851052
130,0.0924807041455322,0.12567949501469486,0.029552651524889215,0.17946523620668486,0.2955660080586224,0.09076222824321414,0.020515977375229092,0.1659776994311333,9.863632625646519
131,0.02720136970669976,0.19352658100058764,0.15393838415633582,0.08664183343191835,0.14487118884137995,0.19408516629411465,0.16009140838254302,0.03964406818642082,9.936705577366803
132,0.06917261683563564,0.08323360204714636,0.2917280637208188,0.10634891302621234,0.016928852125378858,0.05202093723654918,0.23080745033063382,0.14975956467762505,9.713983667658539
133,0.22254015415314451,0.20869359686542172,0.07604954204803467,0.03392107628061131,0.22027665775751246,0.03834248367888392,0.053387219979200456,0.1467892692371911,9.933807521814078
134,0.06794129507305406,0.1779431235906846,0.223388935511357,0.030475008307348006,0.04615011606677205,0.04678321199007123,0.2951225070614918,0.11219580239922128,9.703566123479861
135,0.1394230685322537,0.10274816388978679,0.07129415721865777,0.27690945355548563,0.1814720714327212,0.013945013639191794,0.20293769550463547,0.011270376227267703,9.850956241751284
136,0.004567520988304053,0.21432582457617183,0.025567512774354043,0.1664798724682035,0.16302452943145773,0.11322467546657257,0.1273698819876004,0.18544018230733586,9.973618242483953
137,0.12192908860714649,0.15674181032230697,0.025455908439513276,0.09800544184754946,0.1638953650233195,0.032097402013401596,0.2972376334533793,0.10463735029338349,9.685103651111898
138,0.2877902589687663,0.18912695514382635,0.1187632858409997,0.06587027972109315,0.026761371040806337,0.19684104772933922,0.06270764563444708,0.05213915592072177,9.74074981007173
139,0.09149370889154228,0.04772495940291724,0.15715858809915162,0.3389452647126863,0.15045123528005128,0.15427764081725415,0.04291483220185306,0.01703377059454411,9.74672180215861
140,0.04292805780075436,0.0885675569656897,0.07776278966626994,0.1511115862300767,0.09885347186000304,0.16440094307316114,0.22499167444443327,0.15138391995961176,9.879589780291896
141,0.07894132384947224,0.23391352112507283,0.20334280110406733,0.2704390029162027,0.003618793004356756,0.17194616548878805,0.020375502203631598,0.017422890308408368,9.610280983113121
142,0.008713534765188496,0.011478489639059385,0.12916922527570582,0.020369630296464568,0.2612842725506485,0.38776918114688264,0.13351051754645138,0.04770514877959917,9.315415117204939
143,0.04639318687811261,0.03957618587913288,0.12154035996864183,0.15387922603430818,0.35637813532030116,0.05161426197480513,0.0851194121489542,0.14549923179574406,9.970151083440047
144,0.22346999597247966,0.26608426573735017,0.005309332126609395,0.035757429559932254,0.2438981689398419,0.014209895247773692,0.11380195323433366,0.09746895918167922,9.40935834450855
145,0.07650100652657874,0.2069192146855753,0.01906029168391038,0.0020133003978708027,0.15153573238075663,0.18674848034004235,0.13413578076498983,0.22308619322027587,9.673742101903317
146,0.17223475661421608,0.047489476179152675,0.106323278455611,0.0055562193656040326,0.10348408348900945,0.08914376391251856,0.21204630298775334,0.26372211899613496,9.596853186417903
147,0.29986562988528287,0.0649394044140095,0.2544798868754398,0.1370248687214757,0.08965373656852069,0.06111722247968461,0.062448259853409134,0.030470991202177677,9.77121291225043
148,0.16584599112624862,0.1489026965332782,0.037822804301663286,0.15923861597583394,0.08482573961532988,0.1865448198867962,0.19787439249123592,0.018944940069613968,10.010176647052056
149,0.3147021332421755,0.03676618480750972,0.17222147095241466,0.1010058687872683,0.1134133373757623,0.12433264810517074,0.0465824528403237,0.09097590388937497,9.774369083044608
150,0.07243673594384509,0.21570442705885262,0.003991390088437765,0.18099499579950565,0.05800063004189727,0.25079441869894586,0.06347194940398988,0.15460545296452585,9.32103759214743
151,0.2382640766552433,0.16660955839121572,0.001548020191845882,0.06488415246187297,0.038439817211143305,0.3811991129391772,0.08117192725297862,0.027883334896523056,9.208618337509872
152,0.14063426856417138,0.17269431035074898,0.1532233797282755,0.11540237504851074,0.016558183905715652,0.018291075405359018,0.23189651659053892,0.15129989040667993,9.652103969064026
153,0.048652023655929584,0.1240978363192432,0.0452935898530548,0.09738590323511305,0.15126239354882154,0.21680668099468586,0.30743457982648326,0.009066992566668602,9.596349666731163
154,0.21153037634671315,0.05946631629958601,0.015370959291087942,0.08529996069892734,0.2853288419212227,0.05720759511967574,0.18707456487108173,0.09872138545170539,9.75277118371575
155,0.0037013761614568953,0.17714489012118123,0.1882126643229055,0.24422429535158896,0.18199982506172854,0.00803443231433444,0.12698988637616038,0.069692630290644,9.48456385581391
156,0.21706623641677994,0.25260297795745246,0.02341319930145897,0.07181783551669263,0.0463993577727639,0.19112429975605771,0.171231974275295,0.026344119003499478,9.952502079823638
157,0.28191084516290826,0.20554426186157213,0.038820720358749713,0.010155674632783536,0.15633135306320373,0.08029256803230408,0.030171615204616597,0.1967729616838619,9.589811346702906
158,0.17963402464983258,0.01976774830570481,0.003901096114942144,0.04496467368525239,0.3272961335374216,0.17364081723170993,0.0031951860325826124,0.24760032044255392,8.97074552685823
159,0.1544663252153802,0.14174274723545957,0.13474089817835136,0.1110208963139483,0.1519077685267804,0.000399223489664839,0.2764243719224809,0.02929776911793439,9.658829009542098
160,0.16736021340084672,0.007281657156103277,0.1252960971386849,0.05554918051182812,0.1578882629096049,0.21700261432961818,0.26090128797314033,0.008720686580173649,9.68980270725132
161,0.03429398483089689,0.011675198952327277,0.19828978069766717,0.2645080012530793,0.2509491911763459,0.14528047308189046,0.04760273799164814,0.04740063201614498,9.730329731058065
162,0.028897734410596673,0.044577452230796365,0.02760891195841011,0.08770712379184782,0.022347019354465644,0.15296518387139676,0.37227544634713433,0.2636211280353523,9.234178638378479
163,0.17280020082673028,0.09909094229457541,0.09694569434579821,0.09508690835391681,0.012860009889029318,0.2112667769984596,0.14779346570022125,0.1641560015912691,9.872573760281426
164,0.01694139677771709,0.01726219041532157,0.15490698708037495,0.10519929614775816,0.1271062092718502,0.18761318459131052,0.11565265374157983,0.2753180819740876,9.68959168668329
165,0.24457299917673153,0.13940462355627287,0.06944108202421044,0.07509087187022416,0.03365906784347311,0.1458186248963433,0.07212876677736302,0.21988396385538148,9.874459230578715
166,0.19188068684381168,0.17029046853249924,0.009429077396572007,0.23265714509747415,0.29927850564966035,0.05519113980170445,0.041140529404220826,0.00013244727405728286,9.200292425619285
167,0.11909824890035146,0.13777937036103802,0.10721146390895873,0.1736387459178421,0.03171727914001206,0.07122576609561358,0.21441969783476697,0.1449094278414172,9.841762984117091
168,0.023766644377137314,0.17791393257708332,0.17268980518872737,0.09975214703791077,0.10663469232779407,0.03846052982520854,0.341047590323555,0.03973465834258362,9.569133769131897
169,0.18398993096205699,0.04069727431794937,0.08645236780086538,0.07093438486395676,0.226986156864776,0.12127084583730839,0.07750714436666811,0.19216189498641897,9.953901582419407
170,0.027360067152122174,0.038129240479012866,0.24572074276232547,0.05004236728571861,0.021575401949808008,0.2734512258877711,0.06161964272215261,0.28210131176108916,9.40682301238338
171,0.15448646754733036,0.1787944512932779,0.1471428857136919,0.23513700245694974,0.119419184970112,0.06959134092452324,0.01889521348472538,0.07653345360938954,9.92262373889676
172,0.26744676807462076,0.10892868946863926,0.11395575578150863,0.04423611546001504,0.02288366154432101,0.045714459988074364,0.16456892520086305,0.23226562448195784,9.808152494476925
173,0.13928773591144672,0.0688715385355309,0.06868822135871556,0.0252295797076192,0.248743686551338,0.12564053222573296,0.17907368753027625,0.14446501817934043,10.014335365011018
174,0.24573982007942938,0.13603502621821228,0.12773779699283663,0.12566438393472112,0.1466671078004018,0.004214548170708251,0.1301102995924874,0.08383101721120313,10.114813333272108
175,0.0344174609254526,0.16474271051706535,0.004428009766536828,0.14307626002227933,0.01853853554594625,0.0011265111339155522,0.36310511853655436,0.2705653935522496,9.137581144686596
176,0.3426581797789054,0.15647382566316687,0.11783242902309637,0.015092471525637694,0.04570677544916236,0.028063369276832922,0.13345912515094535,0.1607138241322529,9.80866547297723
177,0.07384929510212535,0.014587157705046677,0.2175968745238054,0.12950586372527687,0.3002504470259199,0.1774806115115944,0.065901322057524,0.02082842834870745,9.616633682171157
178,0.08292396987093623,0.025243968191296665,0.07804388484534142,0.2214492725921056,0.08172535212661129,0.004047184428064528,0.3528971262007671,0.15366924174487726,9.316401645191483
179,0.19486016110084248,0.0805657644310506,0.23598656673604704,0.07762936304732258,0.0365432800324361,0.1274684056750521,0.05778567596784756,0.18916078300940156,10.133225326678573
180,0.0888938600998536,0.10445084600364021,0.004297364676660335,0.14966158964844678,0.4015024722069729,0.1137808643051448,0.04689172004090656,0.09052128301837475,9.617727762452057
181,0.0009220064866435106,0.0034394884365183103,0.12320228088340492,0.034844909695558826,0.010800638430198786,0.3009596069149402,0.09926521661352053,0.426565852539215,9.004272288978761
182,0.12047698129333108,0.04986369328581796,0.12862185225308648,0.2810437426886977,0.3050420670984705,0.010655918674485064,0.00498101362253325,0.09931473108357798,9.38339045146235
183,0.0876410524029655,0.17391659181497532,0.0933387469596241,0.029736209684241597,0.08919709888328048,0.1379309772292313,0.2365905507651138,0.1516487722605679,10.074627175166555
184,0.024222647132320023,0.07627060230354167,0.026835177341733473,0.29011601185342584,0.18267706308349588,0.14635826944395441,0.15963642733209,0.09388380150943876,9.854949032679327
185,0.04280747515377195,0.04211337931644428,0.007114353192094744,0.3371316733174384,0.10406710035360886,0.20649319046333894,0.12468720077981296,0.13558562742348992,9.455979320553743
186,0.07152773860964455,0.12859807004390106,0.23298952016808183,0.07710067692172934,0.21483673228251388,0.0492651059817345,0.13677150453188047,0.08891065146051434,10.202338260085599
187,0.1999347014618192,0.09677858196910202,0.10261077487396417,0.056963086958968685,0.01214479042587755,0.4602332489001026,0.06785257469628606,0.003482240713879814,9.227528961275517
188,0.1543206166627152,0.016168164361956706,0.00524589196274674,0.0498654706345941,0.10758254451124287,0.10725562851734309,0.20688837458095272,0.3526733087684484,9.566490743287872
189,0.14641660418190727,0.13919736406496566,0.06442055624302188,0.19232959213743597,0.007934460414915441,0.004544064828715186,0.1270821396929202,0.31807521843611825,9.591550318324753
190,0.07824282068672098,0.22550637994612482,0.2910356852326929,0.15368254241850543,0.052175629147422464,0.007008914767170172,0.187494805260143,0.004853222541220154,9.544731442612207
191,0.09035699236751382,0.11849349546731328,0.1906833497617519,0.15727928399707536,0.3233094013459161,0.06817634868503986,0.019644348593156502,0.032056779782233306,9.479957089258553
192,0.23457435520839015,0.34727287581344873,0.09820800298344269,0.01745870857982909,0.0050205831594557345,0.14409241589664012,0.032151045300729486,0.12122201305806397,9.453857554370884
193,0.31318309009086026,0.008671917294612658,0.18439630353709072,0.05461292485578448,0.10141029539982399,0.12095830814404884,0.12418893384339891,0.09257822683438004,9.82907388520602
194,0.14257893276318145,0.05654755442624131,0.04110916209547697,0.2747344179802018,0.04318508902116626,0.12206742352684433,0.0612578211006702,0.2585195990862176,9.645972776211734
195,0.2766116695269953,0.1469858918079738,0.07193874072260033,0.07979337507650099,0.10089641723040152,0.013733329781936745,0.12742854822186564,0.18261202763172577,9.865375137898951
196,0.12448098666969054,0.11654806866475588,0.07357974295808471,0.288285793080597,0.039372902808399925,0.06702446967044352,0.17472092429297828,0.1159871118550501,9.794445758097186
197,0.5029594506694699,0.06534556411238249,0.06874362562365095,0.04584656160915312,0.1256485748018594,0.12544272664555495,0.03157735025514081,0.034436146282788425,9.227888704296273
198,0.02704183490162084,0.03744987242704062,0.006336015409010913,0.2863630116545492,0.20132448610766254,0.16694657164650356,0.26656740380745997,0.007970804046152311,9.394000071609224
199,0.0993491805565806,0.04838765286217988,0.17858052478657296,0.16844818320777719,0.09533612069919412,0.021655640176245626,0.12020030846545625,0.26804238924599344,9.831323605576584
200,0.08716219632601695,0.10342073945716705,0.13587425107696052,0.17142161082762045,0.26747242548251604,0.04206411366787053,0.04060818080643892,0.15197648235540953,10.001510644822496
201,0.0014890264486216288,0.002958894961867415,0.08702784632526739,0.14502282308053677,0.31812930759277147,0.12036165100889488,0.1041921695262019,0.22081828105583848,9.297351091519975
202,0.0633377920602594,0.2900883939579417,0.1995235635889253,0.054164928448343294,0.12168266515489207,0.07416957582870906,0.04877108591621863,0.14826199504471044,9.866083415049454
203,0.1901734169731019,0.20790534644402084,0.045497197640311696,0.18650788415859776,0.01052135744066599,0.11504071336063511,0.15345826864743772,0.090895815335229,9.956543839475632
204,0.14759695051297714,0.17201185584496193,0.31682214774677503,0.06641327370584375,0.06077865577709798,0.021543299392916097,0.12926246399907784,0.08557135302035017,9.929643007839896
205,0.18552646809622586,0.10986541029821158,0.07735269219358008,0.33016292544326525,0.11760156206589797,0.07557559733629977,0.0009729804038414517,0.10294236416267796,9.467308210491005
206,0.31993629632523723,0.10885663009831971,0.07452146292200271,0.18781976801444744,0.1552328479522017,0.026671085986019666,0.009605389684761002,0.11735651901701044,9.794587383121952
207,0.027421313059184518,0.011130650379900096,0.2381967501795327,0.03884526573610632,0.2243077878999551,0.2067774096392258,0.15945828579238047,0.09386253731371498,9.606044363034005
208,0.08573753329011718,0.23574943697469905,0.12740418177394736,0.09042879702094593,0.10055394727524815,0.03678380567153589,0.08149556453037823,0.2418467334631281,10.006888930924436
209,0.016598810893216867,0.4082950187711194,0.06566278233737712,0.224171743230102,0.010194371822246985,0.022670379316189895,0.13238636817833527,0.12002052545141247,9.391817455265134
210,0.04539130695797646,0.17550752928189559,0.14895179284883012,0.03136723712571693,0.25750559904038345,0.1840731325744994,0.09173564191217691,0.06546776025852112,9.795712235525531
211,0.14337322780039088,0.2892324846653279,0.22692834012745294,0.15072586685641662,0.06260950682062649,0.009924710767169411,0.021757583848721722,0.09544827911389397,9.672877913096334
212,0.2621777810859178,0.03143202906047048,0.15960061301248282,0.017984745373130807,0.0007035379669688131,0.06257497492958508,0.42478688157813776,0.04073943699330645,8.927579536910994
213,0.18531933014923357,0.1589729272743201,0.1510288602556042,0.11878552036081932,0.14279054661961169,0.19259259964335632,0.02981905917613646,0.020691156520918307,9.994556593451769
214,0.24633394961037666,0.11449587398721243,0.15784652088103626,0.006508096075581611,0.11133969294378786,0.12696562948137435,0.0705743183169824,0.16593591870364838,9.91940389704358
215,0.25209097122917556,0.23200039967364103,0.013072969235375978,0.14747802199514534,0.19811323494475777,0.02358148497948005,0.025775142937282117,0.10788777500514228,9.628555588266812
216,0.13753697052758646,0.03304175890163971,0.050786065807391444,0.0014208684112968707,0.13776019162092062,0.155410492424741,0.41159006073730875,0.0724535915691152,9.344373851719292
217,0.23727015313237598,0.015010310863835584,0.21406802992251986,0.4019449720072067,0.038591199860655935,0.06887049992541854,0.022023804790227034,0.0022210294977604906,9.076848194600597
218,0.1676285066110786,0.1695505625419319,0.21264531914628523,0.03431457164285364,0.07365777590330069,0.1392040800054186,0.15882119172975678,0.04417799241937462,9.853220958198044
219,0.10761446939734853,0.12040828726038903,0.04368530915673422,0.07343500154070692,0.27133388083528626,0.06516922620717326,0.1198487207440199,0.19850510485834186,9.873652792555687
