,0,1,2,3,4,5,6,7,8
0,0.017534683625325297,0.12240876848744994,0.270877197087238,0.22528954204652668,0.04898710094999823,0.18393553264711898,0.009121065084088142,0.12184611007225478,5.214987432980041
1,0.23548832945029016,0.2617201315874009,0.04252954724579571,0.1669316209581797,0.09159420484377297,0.021673085621484105,0.10390129498775395,0.07616178530532249,5.429022847041472
2,0.01812283579662167,0.0476614603719209,0.0457414564608172,0.15307380857315447,0.16212337960291237,0.14779387869900348,0.19121028983569002,0.2342728906598797,5.459610146645803
3,0.10888700994488223,0.1486588235695958,0.09541695638073674,0.11286525591405185,0.023419881740185253,0.15794381399161667,0.1625343169220821,0.1902739415368495,5.669767198357521
4,0.061787256687942785,0.34584133060830474,0.09473509028093148,0.05322853232019338,0.02674114249356713,0.0628443109494895,0.1384247071409834,0.21639762951858763,5.177018456237577
5,0.10931569385264894,0.1708949271008189,0.025094186701240553,0.16037327780808128,0.09025309863818784,0.14311762113894252,0.056040206392736616,0.24491098836734346,5.562265815160206
6,0.22294127854171086,0.10999353861241236,0.12297684602387862,0.3188040966471984,0.06883109541193985,0.014320647735892287,0.11024043465247374,0.03189206237449395,5.321806642472808
7,0.12550928231283298,0.05955525751375316,0.05230260831784969,0.10575474717058966,0.100016627644768,0.04874338830195708,0.17761313421750843,0.33050495452074097,5.450301010477048
8,0.12570801230327258,0.02948358938362371,0.026515409878079287,0.25815907566855834,0.08047115262404568,0.04105733461282189,0.31435255060195644,0.1242528749276421,5.18498421741356
9,0.027134626676431607,0.2545537214975684,0.3031540568142711,0.06837552515199864,0.009831998635931285,0.12047341958708793,0.03275594241870349,0.1837207092180075,5.072747147625247
10,0.3255684183069099,0.11350768721661808,0.04888510694567551,0.03269547713513075,0.19614816287221287,0.016652384882396728,0.22125503297884552,0.04528772966221072,5.147635115251205
11,0.024450706949113103,0.2173880517131412,0.18030733900319892,0.09057758322904483,0.06529145167341151,0.22853682744438591,0.01459790432319415,0.17885013566451033,5.358922586590037
12,0.23354052011244675,0.12959779729146798,0.15388159309416471,0.07890879463343523,0.03583978280132735,0.060087630111208885,0.17244435117327903,0.13569953078267008,5.596421920610173
13,0.03905717243788362,0.1701938262526523,0.1804456001715349,0.14403453385967266,0.192096011408205,0.061136514672383006,0.04043000389915155,0.17260633729851696,5.5895622765271735
14,0.23533018819271032,0.0926319153895865,0.020817082662131555,0.16221773313184062,0.043491130526774086,0.10227788062454019,0.25234500413353816,0.09088906533887854,5.433826139806994
15,0.1653526254034312,0.07267502621510662,0.22826203901630504,0.004705206071044435,0.23808240561405708,0.1061453761189199,0.1421420103324595,0.042635311228676066,5.364872835354811
16,0.02505201505078824,0.26300832718146283,0.23337997409423855,0.1728048864450606,0.03768670836075997,0.13506371013033724,0.0810738120362706,0.05193056670108205,5.3845598803470835
17,0.3947811204576422,0.10584873877855144,0.07970335471351526,0.13493263949454914,0.01058268618545765,0.12376773231999362,0.009559597485821171,0.14082413056446952,5.10176557401407
18,0.16414619119920476,0.013061092153219041,0.0858548315422436,0.031936289210753505,0.11341374909655078,0.19442169783328084,0.3254792971399769,0.07168685182477054,5.268721978383969
19,0.037960870705122045,0.19417980765999288,0.15552853946335737,0.17633893999592062,0.14697079247567443,0.05551111161199966,0.15968991776060915,0.07382002032732385,5.677175298081522
20,0.14000332987638245,0.19579292483158328,0.01276533104767428,0.010530410484298184,0.1252454162550584,0.1123734093920579,0.1706207215679935,0.23266845654495202,5.321597613301702
21,0.04625688426443959,0.09414343180425389,0.1457158763597547,0.13057541423690092,0.28579633579568836,0.08364090000438994,0.12398043201465817,0.08989072551991441,5.626007376511958
22,0.18449953042573058,0.14722363580256942,0.09193219767056338,0.2573608693803383,0.10115306395859647,0.17883861522114233,0.02712715276997124,0.011864934771088142,5.340514755484994
23,0.05642091052017601,0.15502723662717194,0.2813491745527403,0.10680320954070278,0.04641518391502125,0.1064654000903612,0.16693487173656163,0.08058401301726492,5.6290620393512505
24,0.1833191754177164,0.1252393210579083,0.08937057892503081,0.1349488272087609,0.16632981451851658,0.1392718008247752,0.0725278343165329,0.08899264773075889,5.822022934170118
25,0.07117399195749506,0.04283567786377695,0.2746813849148843,0.32617709670676776,0.11508512793596881,0.05109390394579118,0.06414017280589374,0.05481264386942234,5.285703559587644
26,0.02487175429751075,0.1540940344060194,0.056114355207157234,0.09130593466231154,0.10683731425869977,0.1311024430224552,0.21955018525900086,0.21612397888684517,5.535862142190929
27,0.10509022571334047,0.03736819001739026,0.10057263223445356,0.1089491665825746,0.3363235955585375,0.10041983548107675,0.10534304181247284,0.10593331260015393,5.539348592759099
28,0.17131797704503332,0.10154798535178415,0.028216160468725014,0.1440825535155058,0.11836341839325945,0.24694801106516534,0.0034964615715014705,0.18602743258902557,5.241868668066692
29,0.14497632622240733,0.11884821114040887,0.10143606761292547,0.22301780900236634,0.18545726281290853,0.016108927970845184,0.060667600776460245,0.14948779446167806,5.537252185873417
30,0.0030331463861499527,0.12152400627316162,0.02370481849722511,0.2940519213132677,0.21399957668934858,0.12504434680626633,0.05201090399790756,0.16663128003667307,5.095029671263903
31,0.10976749913190681,0.14998193198574944,0.05122245338253197,0.2505022173899793,0.2072032066516139,0.08705149314977133,0.11895271906040106,0.025318479248046054,5.58160291685767
32,0.38633041025306875,0.022512913836017747,0.1587824142644939,0.12393338971574878,0.025938966005061043,0.09705815498756531,0.10026391197738103,0.0851798389606635,5.202515722752718
33,0.05591588795945696,0.0076348126251197,0.1009641067928994,0.05586266234243139,0.17128743932668256,0.22262330232101205,0.2976357343275456,0.08807605430485235,5.206853248106895
34,0.11467780033405799,0.12312723007188207,0.07266833425758609,0.14532620459259687,0.08043911666934288,0.2354785520515588,0.14467985126812907,0.08360291075484623,5.780433412685317
35,0.1148962811901688,0.15883366443230904,0.09002874278936907,0.13971909162238202,0.07265744936606419,0.08944166267961903,0.07351071248869331,0.26091239543139455,5.703258831242267
36,0.05901940829210839,0.11407325799276344,0.24471633681826901,0.10020977172405941,0.16115486429873588,0.03387105763562449,0.10482550080380285,0.1821298024346365,5.607948500923799
37,0.13073269109057023,0.06704784448125349,0.15053638342639686,0.03048516500631359,0.3242747494897863,0.10364102852014703,0.1234078317066403,0.06987430627889223,5.502151712724692
38,0.10888910206114448,0.12826620185692533,0.14752484263143698,0.18259767176783978,0.033870421608704855,0.1469008905472619,0.21574924423532826,0.03620162529135829,5.567904778050892
39,0.35108720702961543,0.10709351979167397,0.03651007709835606,0.04925483614670823,0.20157665814248946,0.21455357740232425,0.02888101345174208,0.011043110937090563,5.036428749296669
40,0.1114848424476438,0.0021533343560142266,0.03553158835663431,0.13611652017905201,0.10562146642583212,0.19413834036198702,0.22716053466260322,0.18779337321023323,5.220058150091813
41,0.2773610797269668,0.07730907015294373,0.04216951196066838,0.07938869557352952,0.08566911991196526,0.04891840517231666,0.14663292647568588,0.2425511910259238,5.4682202632986545
42,0.19160080398961207,0.057468151555926265,0.22784825170711148,0.07865156298082547,0.16754404136314152,0.0875150961301457,0.06197393740234111,0.1273981548708964,5.668384098922245
43,0.007410299493189455,0.026197869989951,0.05973239231266445,0.3064777411464398,0.10930456719823639,0.14591354562335868,0.2970789013637429,0.047884682872417456,5.0169539797266784
44,0.13504822719703474,0.11266244142259838,0.11574107770994872,0.1222205011301083,0.043037075392782925,0.08562329118504053,0.27184963855679006,0.11381774740569636,5.667425674005754
45,0.250824663719756,0.03864277106829635,0.056007099228045976,0.14358302057891734,0.13526765085691977,0.10744550849311017,0.08820464686460516,0.18002463919034928,5.618403025834206
46,0.09579556314995397,0.06947678956809218,0.02077277439107889,0.20581967113569993,0.24406617006115974,0.05257698906623923,0.17877899430913002,0.13271304831864603,5.4689547401507275
47,0.12609299509410796,0.0349115832587274,0.10999660912980475,0.10619965322678745,0.2711946938632705,0.14755750241019747,0.06690126521232866,0.1371456978047758,5.658081431824769
48,0.1538553898928352,0.00010622045479563745,0.15998157984175645,0.10443888418220194,0.0412980340724469,0.16694903174016154,0.16674648249751042,0.20662437731829195,5.3452368943077255
49,0.24522156421783198,0.2538818528873858,0.13303028701141317,0.04430237576193599,0.2775022108371328,0.018869325345197085,0.014988269157796425,0.012204114781306584,4.945247628537237
50,0.20553217800730098,0.005049287650797122,0.22947062349964983,0.100410740801445,0.1353689636312017,0.0008077488010135623,0.1873787344316399,0.13598172317695187,5.083790849965097
51,0.0558749705120072,0.24042374082625118,0.04652350800511274,0.29002863403540424,0.026794565722511113,0.01754369598178824,0.062097020438877784,0.2607138644780475,5.0425843269680355
52,0.06990526434543798,0.004297728135706384,0.23652313687623416,0.28434086614642046,0.14810613400228592,0.13208200870373302,0.004536667224166256,0.12020819456601568,5.02416869489879
53,0.24065368172875742,0.10515509005988113,0.15606455006686284,0.20975414781514565,0.015227710836915672,0.19049243129658222,0.04218311765025527,0.040469270545599775,5.452766953842653
54,0.10867247041488425,0.006991912996472989,0.14835889641784253,0.2997833033409252,0.023316174355083572,0.10070104479017217,0.17586255014762817,0.1363136475369911,5.297412886535717
55,0.09887140986263182,0.23537426441913784,0.0734879288167316,0.1539436609686877,0.13967507956140005,0.04334760353184815,0.08944581514599333,0.16585423769356944,5.672053419217616
56,0.17240133410473577,0.04391127336608747,0.1604824663283442,0.15458557305568038,0.21552008949248383,0.1595740372753874,0.01860832709036023,0.07491689928692072,5.545216861245179
57,0.015885536245739344,0.2684440275568334,0.1463903960879322,0.10866704872115494,0.03938346994728352,0.07357788117032713,0.20607743565963874,0.14157420461109088,5.430640580180796
58,0.050541631640163356,0.13732799925649897,0.14575010850558875,0.07446204780613791,0.11042518594706874,0.13125227258323555,0.052301744582658585,0.2979390096786482,5.6505125124828925
59,0.0931338169854126,0.05526008767163082,0.1469560334697447,0.22152264856672424,0.0777000416352375,0.2477610864650562,0.13505190949919332,0.02261437570700067,5.509062349133181
60,0.026972575157769522,0.1925601446501064,0.09166893576917028,0.13382467387509933,0.13683384095002932,0.052923747557753864,0.038399563310823545,0.32681651872924766,5.379679430104272
61,0.0571601215431124,0.11981167558473584,0.13457516681871226,0.024901482383128146,0.195441613234907,0.06022935651875853,0.2391233690363154,0.1687572148803304,5.512123629683911
62,0.03725769875240548,0.2984884848320889,0.09250141348738256,0.24267116513140227,0.001479612696165279,0.22165614498437664,0.0015641337594975123,0.10438134635668145,4.702073272304347
63,0.007733348068802718,0.13579968971956086,0.2999167758070708,0.02197781855695412,0.16616053848176474,0.14655144829187844,0.18059481187096477,0.04126556920300363,5.230692655140221
64,0.2118937111223584,0.12207853414883893,0.12085676289904769,0.044230054451798895,0.0603592464509456,0.34176654123500183,0.0213043753834718,0.0775107743085368,5.287905357654271
65,0.09330700446989358,0.053704279077648395,0.13615103529644684,0.14121810097590068,0.08039966236301903,0.10328438429362129,0.3212360806490623,0.07069945287440783,5.622211853292888
66,0.03248695834059084,0.06201407972831893,0.17122079594909637,0.21587098615200398,0.0455508445261984,0.17114702374672092,0.1798037591226705,0.12190555243439996,5.496901311423802
67,0.14267529753286254,0.046531476823595534,0.04404359021827947,0.056714359446502015,0.17534099941617182,0.3015129928219224,0.17745901107591008,0.055722272664756094,5.451835363876153
68,0.07993618419279207,0.18052732488947001,0.30555068085732445,0.11637136677770604,0.007180570794163452,0.026438033618565577,0.0712131497572728,0.2127826891127056,5.163662185046638
69,0.35661205382769545,0.1829119231602417,0.1216966668327566,0.10878172617457246,0.09935371519785526,0.0683472112937552,0.026374192787245947,0.03592251072587731,5.338379488593569
70,0.05235906048087765,0.11943060053434155,0.12664586998780067,0.1950567478296523,0.16265701635754723,0.04806833602559428,0.10338891951536563,0.1923934492688207,5.706527368698898
71,0.10986060557585199,0.054120218739421015,0.14648270499895902,0.19832807668375005,0.0035706912651487944,0.21736675523603916,0.060201435300432905,0.21006951220039702,5.255780070525628
72,0.03496356322140495,0.19798029863108627,0.008786751064087116,0.2476867498416191,0.09359852004479177,0.08129629884160774,0.2639535784389856,0.07173423991641746,5.262837171193765
73,0.04460693068436999,0.04187892899559406,0.060858932379324826,0.10188875061853274,0.0025494063144106487,0.29784439764701387,0.2157348425108588,0.23463781084989505,5.017412731157622
74,0.026964007320024384,0.011490979401501374,0.06862052864077937,0.1541993081756445,0.20872092008148815,0.02985745756675052,0.2126683837638694,0.2874784150499422,5.105485934201386
75,0.21912401945665094,0.1924875377685653,0.06825111945628763,0.13582664441017347,0.060420052041623984,0.23159000210005787,0.053585818963133025,0.03871480580350779,5.475898731671553
76,0.1946522109946688,0.3121639286924226,0.07695456987753113,0.15561423117555453,0.04844239982426605,0.13963259882392356,0.05973696965482013,0.012803090956813345,5.3297340272220985
77,0.10022761752948303,0.15191303617550153,0.15434067715086963,0.059971494988773286,0.010554284849527813,0.03222061154978886,0.019684114102722545,0.47108816365333317,4.773213806753291
78,0.027686163886605306,0.24598157794846365,0.0031765579207627534,0.08480924662430331,0.08333534075909285,0.10966298497748923,0.2739898627909959,0.17135826509228713,5.149006771385869
79,0.07467622472836048,0.08599210926310946,0.24498063842799767,0.17455027416481525,0.16213250081890745,0.0643059084114653,0.059427671317549384,0.13393467286779498,5.675548723076975
80,0.006074698659975717,0.07460882190453819,0.2485517133261046,0.15453015860926886,0.05854889417606534,0.17212766943675037,0.07229986584066748,0.2132581780466295,5.348518862438419
81,0.014587178054295087,0.05478094248571811,0.2580891831943889,0.1088170660161843,0.14862003020402392,0.07018016304964252,0.0993537314894393,0.24557170550630805,5.413794093691687
82,0.21063977055075678,0.10901495062963208,0.11531891601802866,0.03137227907933424,0.033182778509956136,0.21956676694278554,0.08090409724312453,0.20000044102638212,5.491912497870656
83,0.17313696611105606,0.034315193954670684,0.16354955511219701,0.07899119538206502,0.12975030878638474,0.036341603685818145,0.21901431453039702,0.1649008624374114,5.535381750683642
84,0.17165117157619653,0.17146479872473677,0.09963032975537546,0.04013884427935631,0.1770509844155293,0.06253637847058356,0.12836834366693947,0.14915914911128272,5.732905626941992
85,0.22990676156225637,0.005897420803770578,0.08535849611522492,0.2911907565791776,0.10124547130368558,0.11926780980117466,0.08883466771007215,0.07829861612463805,5.397841168931608
86,0.030993805622811118,0.04209828951863995,0.2155046230245934,0.07001141895667862,0.13872602880387577,0.08168038535527374,0.17947714085634178,0.2415083078617856,5.485355962102357
87,0.021347481344329972,0.3177582317855168,0.008840741507081607,0.025549833768773563,0.21457819628633332,0.13392654461691492,0.2145054009079883,0.06349356978306149,4.999436936182196
88,0.2135605019479914,0.11085416286329196,0.16930428548347956,0.10786329828093552,0.21101686124498956,0.14904934406663614,0.030101223477895293,0.008250322634780633,5.397526170916641
89,0.15167379384108845,0.2648741074543707,0.013590583685812861,0.05805311802175581,0.20337925628459924,0.07953049237972601,0.09521482542754282,0.13368382290510414,5.42951921239447
90,0.09696436953541038,0.25760396472079433,0.10332777900677598,0.2827709672177199,0.09175682169501721,0.15757833487376696,0.005833638542458264,0.004164124408057158,4.8484692238998335
91,0.03114906193705347,0.27125180739881544,0.057717041008977295,0.22710619370774113,0.3185152109518164,0.010427100741436972,0.03836016041087398,0.04547342384328523,4.907582969910063
92,0.11560457374918112,0.07591267499502348,0.10890812107176423,0.3009864748754115,0.10322405001126456,0.031487932316025494,0.026474630735822416,0.2374015422455071,5.371556230327203
93,0.0803008493287533,0.08980113686582525,0.13220598567408787,0.13417133316878202,0.05536928280594495,0.10130035718795775,0.11876987307659127,0.2880811818920576,5.675289858577242
94,0.2642131299469796,0.04770081996758839,0.2045096561003181,0.035269588605666806,0.0776210692962528,0.05537471439213772,0.29876057848721393,0.016550443203842632,5.183796410380658
95,0.030856604266003607,0.14762417144705853,0.11729510225528288,0.016276926940839955,0.4298939806351669,0.17066669997546116,0.018694102178236124,0.06869241230195093,4.938751157689682
96,0.3878901211306538,0.045423306809961414,0.013485277356913959,0.3415057183454482,0.00313649395392325,0.07198223981986725,0.029435770906471093,0.10714107167676112,4.4570650872362405
97,0.08480468918775154,0.21624124854227253,0.012617296669930311,0.13799123552761905,0.026907912251137787,0.06240943050633446,0.07746037445222276,0.38156781286273167,5.078978158181837
98,0.053624403498269115,0.3785680064333512,0.08060294600704425,0.07006034987408033,0.03865046149742269,0.19844310303615575,0.12696703302723206,0.05308369662644475,5.306529521907347
99,0.28667405116999556,0.16929945662354776,0.005918569919106293,0.1272981329394474,0.02644746945035975,0.12916267623702632,0.007042439981471894,0.24815720367904487,4.846905700563785
100,0.15579584822496095,0.13560521587184005,0.09930102503906203,0.02993326740761458,0.17600646640436746,0.039672705317674514,0.28440676024186134,0.07927871149261909,5.433241964891868
101,0.11045680683300692,0.049450786584682604,0.03383958581742669,0.0456945626237774,0.04588050534410889,0.11386951859849287,0.19513910225164233,0.40566913194686227,5.176279734620503
102,0.09975465448345343,0.4070515420334242,0.05534727844184298,0.028595973995081268,0.14846223631182834,0.169557210515038,0.03102057973136854,0.06021052448796338,5.117342811371895
103,0.08568157371401944,0.11457702327936667,0.31747323604779204,0.16060580996434376,0.16588400478984944,0.1489699563811251,0.005857301564803552,0.0009510942587000317,4.959660168763032
104,0.029421220405979213,0.017116106013033695,0.29538060164615015,0.1705280092855633,0.21274136790646314,0.11708416599372222,0.11086054894974838,0.04686797979933991,5.294125523284942
105,0.045740807553825764,0.16204003192883193,0.15927464766858193,0.21853365836656796,0.06017869133355244,0.01770989911163064,0.2488782990123059,0.08764396502470347,5.432217946151102
106,0.17893718136683906,0.13367762915036252,0.21401753625998673,0.09840480755339462,0.0853894781074075,0.28411989246995994,0.0011524493219708485,0.0043010257700786874,4.989852567751358
107,0.11519030078630794,0.08172915896765215,0.008459074119891583,0.06053882040756915,0.17805290800779752,0.21807553537126384,0.2763352151746902,0.061618987164827714,5.35208222259555
108,0.15710608262877557,0.14227676906847717,0.16738385255883156,0.1692306438559143,0.11472526025622323,0.1620293766592761,0.03511740329117381,0.05213061168132822,5.7010763711939445
109,0.23898496239680636,0.06117689277337687,0.11337898574805043,0.10351620149973996,0.12707558305734884,0.20406543956557896,0.05678923853171662,0.09501269642738192,5.652650300886541
110,0.05200886778733021,0.19279068681451142,0.1937990854142119,0.15008176730494138,0.09135560092285493,0.15530926008925822,0.11201949597071446,0.05263523569617738,5.681492365671492
111,0.051234791257706,0.1955299218855856,0.13345603365141334,0.24213874764120125,0.06828931819833343,0.1903332575888912,0.0540145452954053,0.06500338448146377,5.546515502036417
112,0.0124913594289699,0.31198476340429676,0.08441756981427301,0.14140303634167725,0.11502351464355158,0.03955207139911236,0.14007469840744813,0.15505298656067093,5.374039532527382
113,0.12543364712038887,0.04768114517085795,0.27162582517475187,0.07153012048075107,0.20316364441598656,0.22812228364877243,0.013630137312084734,0.03881319667640661,5.275750824067327
114,0.08382210001627899,0.004741890662856849,0.22396216331652508,0.1692934797355748,0.10012687703316263,0.09906919268346372,0.015948557265315563,0.30303573928682237,5.113632734417868
115,0.2198641461702971,0.01480551641380239,0.10382922468223497,0.10255892160795538,0.1737376012969279,0.19347348465467362,0.17947393854395707,0.012257166630151568,5.391567634024396
116,0.047460589689001124,0.1325246591156728,0.24258787280423427,0.20928732596708013,0.09764748821876731,0.1660489821143288,0.03381405756300665,0.07062902452790895,5.53999363931794
117,0.011400159178555498,0.05606385933699245,0.05638076948345406,0.29056162828200305,0.12717775160158365,0.17882841016398565,0.20962942687541264,0.069957995078013,5.314457658784395
118,0.09135188764555849,0.08731924920015124,0.0936327362210716,0.362809653374687,0.20730960684966473,0.08565946638673631,0.05440260680767658,0.017514793514454063,5.224836721495963
119,0.12354486906867879,0.25467838708697615,0.17470609657374336,0.0805918210842809,0.0810641801629068,0.0458094628131089,0.1161634730698049,0.1234417101405003,5.71550803314795
120,0.11674925224449668,0.1686883530525928,0.0936072506272861,0.10697148215866964,0.31055868264621134,0.07328878809153234,0.11902079449634895,0.011115396682862188,5.452634039431675
121,0.19286760939532271,0.10744984664239317,0.039324260767791316,0.03902432979236947,0.10975135683425254,0.05516398050767272,0.2277027295726964,0.2287158864875016,5.509328131749621
122,0.10002766990681208,0.0492723785370107,0.036538451196083746,0.09051927251799256,0.040068919188979896,0.04427727700639035,0.32181433967760553,0.3174816919691251,5.153003120400838
123,0.18810558792941387,0.18463452509783634,0.005468968860778953,0.005973090860744477,0.1176139536291766,0.07936716356722562,0.27654342818413963,0.14229328187068435,5.0317877736917
124,0.1647623086013704,0.06627936251032558,0.041966279343372936,0.36201523985349593,0.10225575791898309,0.1765565366668,0.06471204835420775,0.02145246675144427,5.19985135129783
125,0.008165938496788188,0.08376082415283437,0.2432740902778002,0.06355329540971688,0.12327883041900838,0.2427715317875315,0.03651612012355044,0.19867936933277008,5.232220346162784
126,0.05578010512438547,0.2808812067848397,0.012846843981950719,0.19258929640214578,0.04296116752102445,0.14601195455619115,0.23026720585099533,0.038662219778467344,5.246339038089205
127,0.056069047448354926,0.409941682480219,0.2662389532621061,0.03431747195659048,0.02578836724329627,0.004193357606685488,0.05173697052087329,0.15171414948187426,4.653833947801334
128,0.061007628443811704,0.011952014371095126,0.26298357244698506,0.07531695271776052,0.2590142214630411,0.11592770518501795,0.12425028911896169,0.08954761625332698,5.362060072070679
129,0.20154225506623802,0.09692151513976287,0.1293903422358447,0.17797286245785437,0.19137107685377674,0.038605497772386,0.10390696168988973,0.06028948878424767,5.620595239234982
130,0.188115287897765,0.13985320803978996,0.22908272621755565,0.055253559120093367,0.08234396724175908,0.11017017596792292,0.04719888149463471,0.14798219402047935,5.72077361208189
131,0.02020130362368531,0.2100219963435047,0.17556681627071233,0.17315958324760805,0.12127079482237015,0.20118644538170835,0.05429625233546789,0.044296807974943155,5.5061800664119005
132,0.13766018702616042,0.13708114102686017,0.03397023469018958,0.1742731109395293,0.013546555342062915,0.2857863682703213,0.17311772415940857,0.04456467854546766,5.370376053292954
133,0.14185660370730663,0.09512250092696466,0.09129971151678329,0.061197202359858066,0.11001849569122263,0.0071588156893999015,0.3583320547214296,0.13501461538703516,5.237349676958685
134,0.11499032109692683,0.07878112199131362,0.13029590789333462,0.00804985295812168,0.036695320900276204,0.3675554352350395,0.08809602255877744,0.17553601736621013,5.228085810928354
135,0.11049208183231937,0.010941761819132858,0.07255144353158825,0.10197537708363595,0.14624375857459362,0.20090228442387278,0.07413303856698357,0.28276025416787365,5.450522020114677
136,0.19093566259815,0.10374670851983699,0.2216268647511585,0.013020656409713087,0.06922423247819086,0.023848050116897706,0.11448612761546607,0.2631116975105868,5.371305437386487
137,0.11429482407353196,0.026564325228903236,0.13664698614427256,0.03521923930399126,0.233237543113887,0.265398001556705,0.08089685156344655,0.10774222901526238,5.477126023215694
138,0.29224376807393976,0.23963961567317482,0.12131903740207492,0.1138417396368755,0.09601173944376344,0.01340206295845642,0.00862363619841138,0.11491840061330368,5.1289986135862735
139,0.07027947846858257,0.27949812156753684,0.058207605152129596,0.15973537031245733,0.04626692070966292,0.23441204589739278,0.08122613158427615,0.07037432630796189,5.456823899141986
140,0.017495046565139793,0.33270806086738425,0.025173744137933166,0.2221222353116381,0.0101068572086714,0.027298760965677352,0.23501728431926863,0.13007801062428723,4.809154287733488
141,0.08708445256772145,0.07987050730256728,0.1553012577030619,0.17053714496338715,0.042032712684743546,0.08043514855439654,0.24437615274491684,0.1403626234792054,5.708648693987801
142,0.22306252715233438,0.18419526175975645,0.02418147696127013,0.060576364098562784,0.1717811790503643,0.0079505041919826,0.16409174967549525,0.16416093711023413,5.336778004609556
143,0.10507009247727664,0.048797366482255765,0.2627354174682871,0.07659499836460414,0.06681735137171613,0.14740324602570637,0.27082662579914735,0.02175490201100647,5.4694472895851405
144,0.09219541400031667,0.29634063486754925,0.05557604614899966,0.08214687795819067,0.14297334832073022,0.019856604517116835,0.11656927034407755,0.19434180384301925,5.474554768260596
145,0.2481770128240007,0.25184124110262285,0.04985134910373684,0.06898565219540828,0.000746091853721301,0.15756952984722103,0.09871736614653671,0.12411175692675223,5.183414781660211
146,0.35483581784262663,0.023705432554698688,0.16325654029261583,0.11801172150822806,0.12478638254168896,0.05721246508612969,0.13502163056237124,0.02317000961164081,5.282612319979382
147,0.2535429291882733,0.17559452206426085,0.05355037283066553,0.15461979780868487,0.17259192693657044,0.00392813191883059,0.05009190706989654,0.13608041218281783,5.310087343832047
148,0.2321325245477107,0.1198881285286741,0.07530865025078215,0.10429150961610839,0.09168383854741383,0.12812142662053616,0.06606499579560465,0.18250892609317007,5.719934593683
149,0.07017039147331205,0.18895779998952897,0.26894252492238524,0.20184966341800004,0.005982988279213782,0.09714665874793085,0.017700629085221357,0.14924934408440763,5.186665163544225
150,0.12947269668422326,0.10943234989183973,0.16574177137159057,0.010700440567855818,0.0721082767560781,0.06226334862109105,0.2645428804726668,0.18573823563465475,5.399074375104606
151,0.02150799597685807,0.06375393064474472,0.152854755173592,0.026361681396171104,0.4412063065587604,0.09451140257150503,0.12472038620674047,0.07508354147162818,5.0266662774778
152,0.048519417711289606,0.058409319030489903,0.0008323099130697387,0.21254883313573913,0.18537230306070762,0.2753088943866201,0.14379138334584957,0.0752175394162344,5.1124932489893276
153,0.038866518203508664,0.18642554029282568,0.09422575665429733,0.11940434071216316,0.1547183620906554,0.21296674579353134,0.05629654416101354,0.13709619209200488,5.637652528879169
154,0.13470778165667224,0.13842230944654885,0.10847952808026871,0.03911934645562189,0.10602742849517419,0.15062661879091443,0.17794945655813815,0.14466753051666142,5.810424306854496
155,0.1828919460693225,0.17063085569160272,0.14873724450058332,0.059256067785946484,0.0844350069200314,0.09559366200276284,0.10776747262059654,0.1506877444091541,5.733547279399664
156,0.11979026690116328,0.30743271010739337,0.16194216209784323,0.08264948161181988,0.052859906289127984,0.05761191750069867,0.053786964719706336,0.16392659077224725,5.491639317831835
157,0.05834821024044026,0.02914491800037151,0.07947604735762061,0.09268883116604792,0.003201732403091224,0.4429444894044997,0.04822580204394503,0.2459699693839836,4.653097938294393
158,0.060658624126799364,0.052655862431717666,0.044033425278312985,0.243480271912644,0.23300884816825856,0.2908296649418135,0.010985520644462562,0.06434778249599142,5.149502258923668
159,0.15428123259598941,0.04960566477617342,0.11223031438418528,0.02463023518083558,0.1542411815950565,0.31339904674095254,0.033698029411240525,0.15791429531556672,5.369794479250464
160,0.1762373972895416,0.2638038713588427,0.020091131668175038,0.0863576138397209,0.03202884158976495,0.10003807998550257,0.1823802799005705,0.1390627843678817,5.439594233051844
161,0.25650971514975424,0.09388188223794235,0.057619743995829156,0.020879738768342367,0.12445844811539769,0.17428105012615527,0.12775662434807566,0.14461279725850343,5.513257622656075
162,0.023370210001048563,0.11939547986339222,0.008501315014950696,0.28024646527232033,0.21389307202672872,0.13845750139774624,0.1945388049430289,0.0215971514807843,5.1041892279025225
163,0.050323265880492095,0.2938145140873597,0.22391301567310118,0.0012455968752376415,0.051571123535266536,0.08514569367014536,0.2289723609731814,0.06501442930521618,5.014717341251074
164,0.39741569757332595,0.09930095653587759,0.15599695223066812,0.021503437158393073,0.08460340789393926,0.06141881301008042,0.07369562568438118,0.10606510991333443,5.254418465043788
165,0.16209143000537404,0.20643535520166692,0.08621141292369067,0.10644617976831047,0.181544528318119,0.017701336173156498,0.045833605016418574,0.19373615259326377,5.587633665744534
166,0.1859432749116908,0.07202774378367725,0.05315529729625896,0.15983184371901507,0.06236074293454812,0.12239563091949256,0.17730474660825873,0.1669807198270585,5.705031079896524
167,0.11541754255643084,0.170985984629525,0.17688862520257284,0.05802684508989446,0.08533850820132857,0.14427245017076043,0.1119809487987171,0.13708909535077074,5.825348876432917
168,0.021043808263526805,0.20368728151574894,0.3297811636203472,0.05075869640675827,0.006967224656931027,0.05678548982611397,0.2819158198883921,0.04906051582218153,4.863877939686681
169,0.25824112555710105,0.04667037266550093,0.09974810475396707,0.0613180991441921,0.11554297544238551,0.2828408028519689,0.022293342280357075,0.11334517730452738,5.353517490593454
170,0.10551603660697632,0.15630329317874908,0.1400891609275297,0.10674008906288358,0.20745107377517422,0.06163291154311997,0.07522390044345376,0.14704353446211335,5.811753747531422
171,0.04001945382558643,0.18581237604044612,0.008849184767052968,0.187420851586558,0.019350287777338215,0.27961788032285506,0.0489510506569625,0.2299789150232007,5.079411033523261
172,0.22405786551007018,0.08530226898720225,0.00445506625452359,0.21196419873758326,0.06006277186081332,0.19102014084273466,0.00028366792030189305,0.2228540198867708,4.957913575942527
173,0.038041826487712115,0.17763171590873586,0.11838610637319603,0.09281626284941215,0.3261397058644637,0.17646857498586485,0.01112433650802417,0.05939147102259097,5.307023571357474
174,0.15384477186323878,0.10310629957670726,0.05539069317589074,0.07583572249187949,0.005157819253754884,0.17213210946347995,0.3336525813403107,0.10088000283473818,5.3162430064554185
175,0.21538904048851254,0.19774134933057141,0.0521647321866423,0.11089513286142898,0.0551758613034635,0.005324454249322207,0.2893695115396441,0.07393991804041503,5.25552128147652
176,0.06659947648595255,0.2434640445664997,0.1569702950607298,0.16968138901890703,0.07137520142142162,0.13278678120048013,0.12508927260269448,0.034033539643314806,5.616783030747932
177,0.039875786488013196,0.004111082489479746,0.12680939205209238,0.050519778708421836,0.09291011508794099,0.3569583472894335,0.16408456120604833,0.16473093667857003,5.076317685233011
178,0.21753932132001577,0.13484033725854513,0.10386352705669434,0.2311279035439749,0.15348922738032025,0.007930754091419273,0.13578281168398837,0.015426117665041835,5.318559884034462
179,0.16463138260399807,0.16977845819669063,0.13480594022685394,0.058235929368926576,0.10161116793784997,0.13822942552504766,0.05960897060358915,0.173098725537044,5.833551704598463
180,0.08214672010134803,0.024211958761432825,0.09302636533395722,0.042361694870505784,0.1711595055060577,0.02692352665472081,0.40446215441156214,0.15570807436041553,5.097708988610084
181,0.23528826689517546,0.06068187685942303,0.16046065376349383,0.036236489053060705,0.22586801657116207,0.11346006397487271,0.045666003326846526,0.12233862955596568,5.522085100406931
182,0.05306991310084496,0.21174135201086075,0.12167514614759944,0.05954790418552669,0.06876477519898527,0.07551178687501434,0.22757380982238068,0.18211531265878791,5.603413269428756
183,0.06935973118513113,0.06148495176065925,0.10657168096526332,0.05412647283676983,0.3334236284002614,0.08395598992937096,0.11141672708895832,0.1796608178335858,5.543177640813528
184,0.04492609577591942,0.0600862575759641,0.07185273513945575,0.1597677197153298,0.17112042772116318,0.14494736015568058,0.12720288877237332,0.22009651514411385,5.663783021047564
185,0.058368690354649866,0.1948328701158486,0.08685650884870794,0.13309588748896492,0.13576532194806146,0.19065528195968923,0.09417825101632467,0.1062471882677534,5.704527724694898
186,0.09499449770304715,0.15484421562039966,0.21040799756735462,0.16785891659672866,0.05402334016710411,0.013166201435123728,0.14039687393446823,0.16430795697577377,5.5656836256721345
187,0.15038838995587817,0.025472898386895454,0.06845563724625779,0.23587815944449897,0.24375306304530583,0.010650848934601376,0.17538223430417094,0.09001876868239145,5.319301384713686
188,0.3801242625402952,0.11410340180866715,0.08062618203058916,0.026389529179739992,0.020703414569195836,0.012598791518891494,0.31010693585005655,0.05534748250256462,4.809684821087094
189,0.07204124509258805,0.08673049484392283,0.14180296565460057,0.20555931736095517,0.08396269245235792,0.120070464051443,0.13628505943629612,0.15354776110783624,5.796746353964144
190,0.19932930618761852,0.00632375868821471,0.10835412964730057,0.12482343614212739,0.06415694930652766,0.25567252478132124,0.17780270309209156,0.06353719215479836,5.385911775019789
191,0.023931405038284104,0.11427065042870058,0.2851303339018497,0.22594342692420438,0.052541284758674076,0.0032167914344480115,0.11573445242661362,0.17923165508722558,5.138618784613637
192,0.2278588131979081,0.09375596983578845,0.04760086607861639,0.10413678430028209,0.13262827147380649,0.11132782718891793,0.12983180243907405,0.15285966548560653,5.731099462821204
193,0.01296693972092175,0.157906276467742,0.1481639925050743,0.0075092676207659205,0.08015932930829528,0.3121957113241406,0.25189134914471206,0.029207133908348067,4.971807086399386
194,0.0051866610569752235,0.2683182049524271,0.26215819162427756,0.026701145978122915,0.20402464014351246,0.1468021266161851,0.08678511833023739,2.3911298262222478e-05,4.773543463689677
195,0.03017009974284316,0.020042075005833472,0.2425269559417949,0.1857902288439375,0.15074428849118332,0.07184776819954794,0.13641004951648955,0.16246853425837013,5.433354721637066
196,0.06682469607811728,0.009399499149413652,0.20360497083046153,0.26154634129593957,0.15099789804741223,0.030195059962717513,0.1083993172488698,0.16903221738706833,5.306047852293972
197,0.016269460755572486,0.0237920998396544,0.14024830122413076,0.6315571246779618,0.11706823913347611,0.012220665357287691,0.020258683647782876,0.03858542536413392,4.102429289229823
198,0.0387595682029918,0.23391337523533223,0.230585773317165,0.006188203290200682,0.0317006736792998,0.20136500826723805,0.17886270363291895,0.07862469437485359,5.13602724632009
199,0.0925429590169339,0.11104194679549585,0.045527704696673284,0.10503159571110612,0.04096018356351109,0.3528456738096742,0.16897250999318938,0.08307742641341613,5.465794306017535
200,0.2019887111773337,0.047563338931387804,0.175518185496903,0.12183498531351732,0.11887877335950078,0.1164247586682477,0.10485682595160678,0.11293442110150281,5.803132510306696
201,0.011684509792454202,0.12117401040391525,0.03083156549696262,0.2946120560571525,0.13718121249605333,0.25469858584465815,0.06800769863776435,0.08181036127103958,5.195872101531208
202,0.06045689710859652,0.16708170050177498,0.10891749182216649,0.019444166189421457,0.26519978425771495,0.1892225238506382,0.11228497039658883,0.0773924658730984,5.5447791696348325
203,0.18546288431556493,0.10267595078117653,0.1671079301809626,0.04727234784721353,0.16168190941595167,0.15526624963332053,0.0207828627460753,0.15974986507973488,5.593230801928606
204,0.09333415935216555,0.08660615608006075,0.13676875096200866,0.22456349211103696,0.1951938481393266,0.026396300046198033,0.11059149535934451,0.126545797949859,5.598790412002245
205,0.18058380196519097,0.001951398494767454,0.01100518449315657,0.06777355594173436,0.018325018245940364,0.40613216675402775,0.1840906792693895,0.13013819483579298,4.638688417114908
206,0.07687319613658462,0.18769086540397698,0.33552324103184983,0.1927967772713895,0.08967831128444717,0.07128820008897875,0.019248787961133794,0.02690062082163932,5.232939548003882
207,0.03474401127127049,0.13166755820544818,0.0030488405580320005,0.0030064420555125453,0.02816853520677464,0.21793230007343412,0.3046685718817658,0.2767637407477622,4.380964508557659
208,0.056265848183118014,0.24268508225021587,0.10125638691246323,0.00375548011501498,0.05042416003372309,0.3431363144721876,0.13652350074475375,0.06595322728852351,5.055357161379282
209,0.19101333595138895,0.2422479282069389,0.053733819219912805,0.03636373775401538,0.2258613177657497,0.03504266710263886,0.07753076941119852,0.1382064245881569,5.4072187350563015
210,0.05686466285521047,0.01079565438567294,0.2757736314241947,0.09026228307704932,0.060627870628225715,0.24075588930813127,0.11231915297537204,0.1526008553461436,5.415482722955812
211,0.09576506785419384,0.06875836021113653,0.06273632007162276,0.03903580209341217,0.14179151707065143,0.38727625484223627,0.19302873442740784,0.011607943429339051,5.1379984702607056
212,0.07237289425741435,0.015211202542946799,0.10965897107944644,0.15808917857203594,0.1400477409400496,0.13955473695923204,0.08585168031915084,0.279213595329724,5.520450852917159
213,0.2236731236506418,0.07124926297274088,0.03830447183997846,0.0625964035780061,0.3872875306487151,0.16421047627525442,0.03246263824495811,0.020216092789705212,4.959884049970552
214,0.21232686478234783,0.061470523280763356,0.1490564253069211,0.06283936847178977,0.10835638459459167,0.24390696083695976,0.011420370160973504,0.15062310256565306,5.430281493016013
215,0.22050725479457706,0.33966077463942324,0.0036532811064602204,0.16396878741411747,0.11093960473202223,0.025316444724662632,0.11818083107217778,0.0177730215165594,4.955819018157379
216,0.14086014548975165,0.027963693593412463,0.1596175091151585,0.1989267779504711,0.208048248442256,0.06381594972528802,0.13498072752906173,0.06578694815460046,5.530746036175734
217,0.2636808336313477,0.23937777474400065,0.06462479731048783,0.13270792633581507,0.07873544524406159,0.017915880851136476,0.11694769527948151,0.08600964660366905,5.480390997061043
218,0.12253376118461096,0.08590288246140153,0.08499401782632958,0.06622134564979852,0.054576396243196275,0.023818176612691977,0.16194366683270398,0.4000097531892671,5.33422854978323
219,0.2865743087878486,0.20596758849064303,0.04602911707544039,0.05541579937960655,0.04066186112637332,0.022716709751191923,0.23230636629156984,0.11032824909732646,5.33111631457953
