,0,1,2,3,4,5,6,7,8
0,0.13153118274448464,0.2826248906370477,0.03371093601095134,0.017936931498309328,0.1910674172577597,0.16762417315061742,0.013276591259977061,0.16222787744085282,23.59332249326649
1,0.13504830498092338,0.23492423313403415,0.17620614447234761,0.2876624518282554,0.08892329354408818,0.02954822383178465,0.023618451437524002,0.024068896771042562,20.95266059366225
2,0.06462129877959827,0.1053047821497336,0.1635766836000654,0.11601697787164476,0.04583677759937557,0.19563316707358103,0.20541060103945558,0.10359971188654579,19.413019936793216
3,0.01846905818926529,0.3422125112481622,0.04229960555096381,0.1934447867889248,0.15685544499868362,0.1070138993018478,0.05174594746818491,0.08795874645396762,19.46835060392231
4,0.18546497270396448,0.09421511286783016,0.033794532964668646,0.042874411912733376,0.07499673321957755,0.2512490243134787,0.252047693341004,0.06535751867674315,20.344447138644547
5,0.21470256977879773,0.14222996961153694,0.02639655193752552,0.34561739227885263,0.014138370882647066,0.02511812030338048,0.0237393900513913,0.2080576351558684,21.067079823146166
6,0.08467073615036709,0.10560379199259415,0.020101070490926975,0.13830598578839373,0.06771821787221442,0.022659070075103968,0.3519293671788534,0.20901176045154626,21.17733515295214
7,0.0881375339781322,0.21939693382635372,0.19705943283987878,0.005785834346100229,0.1599449734295341,0.16466772483239986,0.11978481674311538,0.04522275000448565,22.30652142981805
8,0.15580999267813359,0.017420850451137268,0.1976577083974379,0.013802460803410181,0.21308239796022874,0.17761806146030787,0.05297035762436218,0.1716381706249824,20.453215762820264
9,0.18519546791414698,0.03716614750892243,0.24558469888015053,0.06425659190840156,0.1571666889317026,0.17399127898293293,0.07452374071878538,0.06211538515495757,19.253998128957043
10,0.010921436482478246,0.09836978946265243,0.17324019915527553,0.03877170320705206,0.22195722932141376,0.09902646980566282,0.2305780503071889,0.1271351222582763,21.300248805091037
11,0.3669556058555014,0.15580817339875594,0.14662105425777236,0.04667941867819493,0.021557548775051217,0.004828417840409023,0.04415248322914751,0.21339729796516768,25.666155066573737
12,0.02319944669361737,0.07250403171501446,0.2102613003027809,0.12120429001279974,0.09640136585489627,0.11344622472503109,0.08750895755263949,0.27547438314322065,19.531290917613475
13,0.02763284451182076,0.05501936325603011,0.019679550104457526,0.11431232750170545,0.19835414648929064,0.3286194015290604,0.21924232794311377,0.037140038664521556,20.859189817024955
14,0.11505072842919797,0.141892073701909,0.10530691174063371,0.1818242758326177,0.08393806703588623,0.05849034440241084,0.030880582434931123,0.28261701642241344,19.754565580711215
15,0.12023117524314511,0.08455192817929627,0.15217529985488265,0.05721374389506049,0.09337605550187225,0.2653250465153658,0.08165607443765055,0.14547067637272693,18.040532781293827
16,0.14470510690896948,0.16636633626078276,0.16111429184938206,0.11854969495194594,0.14956263842730297,0.027300358900861188,0.061160086421888166,0.17124148627886723,18.619733873851967
17,0.0023422989165165302,0.18575878198434953,0.09526941445238746,0.021113450858758803,0.1980232047020057,0.08996755084642445,0.24292286693406737,0.1646024313054901,22.303546759367165
18,0.21011196977489985,0.16480141079782998,0.045072306493585436,0.07522989336555219,0.18845927413446975,0.13881306064716178,0.16374860821306783,0.01376347657343321,19.00882569698097
19,0.008437397343119811,0.27624798938874423,0.1037549001012932,0.22314221847345528,0.1089170527776243,0.032080665724187045,0.21485041955368778,0.0325693566378884,21.597769616114725
20,0.1495800413580457,0.10833031295378723,0.27035299784324157,0.1090171195248037,0.07358079354808233,0.1418048979059106,0.09177403443196096,0.05555980243416792,19.842890400327104
21,0.0790117275587057,0.09136793930577716,0.08121390507028624,0.22506177804255798,0.17368291302222835,0.10976710135298683,0.16015525203857658,0.07973938360888118,18.922476709636165
22,0.04236968234253912,0.05353570608845026,0.364255502170676,0.06036011922600931,0.08143642602845694,0.18570793197158264,0.19245572943260209,0.01987890273968365,20.326065533669063
23,0.09485470678259894,0.2300476863110628,0.140070077467808,0.11344208000966938,0.11115926334873166,0.08138946477831496,0.16798232014760414,0.06105440115421017,18.699715751592787
24,0.0007923641998821247,0.039402445873590874,0.0556148432656169,0.19517708658910143,0.19894507215662588,0.32183553927360653,0.05950470803865977,0.12872794060291656,43.7704207049636
25,0.0935367937851676,0.04508666008578507,0.11598105859088965,0.12009239713063972,0.18857630882855184,0.05033737532916358,0.15597109900837833,0.23041830724142418,18.59811726610851
26,0.23514364447330363,0.07721071802468,0.020085528333480065,0.345402034197064,0.04518486891683412,0.14330035084880832,0.027949280513845716,0.1057235746919841,21.15477854286167
27,0.14274293520321457,0.2592997623186159,0.004257078912074706,0.18865240195882063,0.053104029934159296,0.07973130805185866,0.05835374329904455,0.21385874032221178,24.370447787035648
28,0.2160159283742665,0.25128809722536627,0.11105209770713073,0.1767738825020131,0.05671775754396825,0.10493359125276916,0.012912975177297855,0.07030567021718814,20.30131690232901
29,0.19240496197517873,0.06262386416319106,0.12296807189248586,0.17062719085771705,0.009686366961570802,0.2506840323192576,0.15877681986193606,0.03222869196866273,20.03092866775647
30,0.04584484907174819,0.1609774526668918,0.11523218422203275,0.1120385275503614,0.1137255269378275,0.20258295430570278,0.010066247643464678,0.23953225760197083,20.865027573882504
31,0.11444580044168894,0.22439640298860758,0.06956413461154348,0.09159580136476424,0.08661163586697568,0.10729674951981759,0.2965469973748025,0.009542477831799947,20.457496022292812
32,0.10924891455227506,0.037407922014259236,0.19045994401810298,0.1819977752240752,0.03208441350066886,0.21138393859766952,0.08039797413266553,0.15701911796028373,19.199700738388245
33,0.45913113368886344,0.17209331169328265,0.020658496285112404,0.07515791788805441,0.12456974202505665,0.009619485761366365,0.058431596433175234,0.08033831622508876,22.79368763937239
34,0.09944451476473254,0.043743360641884006,0.09885139381064359,0.018032344480260427,0.21507634113028837,0.13342447933346782,0.13633813535539618,0.25508943048332705,19.485267796304825
35,0.003691500845854512,0.007754562156811539,0.20321116405574438,0.09120957389293692,0.40537477740190625,0.09064023482771572,0.16801681567808152,0.030101371140949185,24.685963407492427
36,0.1908084939421639,0.2130445920605093,0.0606778615336563,0.06280740403734496,0.1258168760681252,0.044213906875928,0.16184270116370406,0.1407881643185683,18.856209227860873
37,0.09616149274386557,0.08544679423150275,0.1887392744010688,0.009034167281458323,0.12027146606259055,0.08836243583471351,0.38935379133730963,0.02263057810749076,21.639310319007002
38,0.13624899722678094,0.0489868394825084,0.02385500922520267,0.0484880852389402,0.20374799576854044,0.19526616120444543,0.049922533222025486,0.29348437863155646,20.88391636133843
39,0.04799511658521807,0.20884086910503033,0.02962419054628455,0.1591335329675883,0.10050006481286126,0.1602224121007777,0.12415697326871501,0.16952684061352483,19.623598931628695
40,0.004484787693546031,0.07434505981691594,0.1706089187177979,0.27110687421085894,0.2186400834571691,0.08680760333317185,0.0023696201187957014,0.17163705265174453,27.121959509980393
41,0.18568064939599097,0.0768132703194316,0.10161831743147201,0.04364351479169149,0.29630623639353426,0.044105062938398165,0.07731992042530261,0.1745130283041788,20.399667859625815
42,0.19973442793557375,0.0311158875241565,0.14138848755427597,0.14503880645475392,0.1384708079674533,0.07531532580446233,0.11986986256764287,0.14906639419168144,18.560845444575243
43,0.09540010412071308,0.13908011342926843,0.09332428229580807,0.09663997336341523,0.2830702150896034,0.13177360824384582,0.1328113925626229,0.027900310894723043,18.70761908610165
44,0.10919166231045187,0.30255196991149735,0.009774630385766894,0.09106260454387032,0.10621230448619355,0.09293688407059603,0.11635249611064986,0.17191744818097401,20.38174356771601
45,0.17877741939315836,0.043916242599110845,0.11890899788437469,0.12013628309649615,0.21713661036473386,0.1843753656913165,0.1178743357084522,0.018874745262357367,19.685026324349938
46,0.2621647434548439,0.06061479570104645,0.04237824644792278,0.0971738089804768,0.19008418512510544,0.07612889993611752,0.08088739639995167,0.1905679239545355,19.750487346965496
47,0.20768584112146138,0.07680079885919948,0.06664730143456582,0.10033968863110118,0.11314720828843237,0.1093207629121674,0.2448043596194886,0.08125403913358373,18.927931177790065
48,0.28451339806245396,0.13774860297713087,0.14392693588281752,0.017697766169017533,0.05154898336720058,0.1352894099326945,0.03573749856598882,0.19353740504269618,19.51185837805376
49,0.1581091097692729,0.0020782297075424465,0.07503712696384929,0.29850246531675406,0.10540859558603395,0.013405115462556603,0.056845271008324184,0.29061408618566653,23.869111475698936
50,0.22087668714974273,0.05042743947737191,0.09497140315442315,0.10781731717352215,0.13534594829352486,0.01767370610029382,0.04455915722761724,0.3283283414235041,19.226322375985298
51,0.14872376541656035,0.10349048288221269,0.07483700065700835,0.0678882827304496,0.13013438512564254,0.11844797494849463,0.21855644331813326,0.1379216649214986,18.496777937655267
52,0.2602435152967419,0.19712050004353865,0.0651964015033561,0.0342377675053882,0.03761501461080947,0.07324760384950935,0.2442021974132281,0.08813699977742834,18.44419708568722
53,0.09937441505202393,0.12554135306850214,0.13534763325239105,0.11056551439906188,0.040842862525436265,0.22703823538029183,0.008710199268266074,0.25257978705402667,21.731425756191232
54,0.04672549093328741,0.13522402406088893,0.08363707354514029,0.307322777221138,0.0954627607731334,0.18071693810130282,0.06415584129241991,0.08675509407268932,18.998338830806706
55,0.008984270371974686,0.17138012586099075,0.05541719800952714,0.07322372948856189,0.1278382343882645,0.36682268789224887,0.026862507209608404,0.1694712467788237,21.70464776350805
56,0.03685902969888075,0.09564028280838553,0.08914100223611164,0.07502651621287836,0.05318221529036462,0.32412097982440724,0.1537718122488947,0.17225816168007702,19.359597881682017
57,0.07783057477099067,0.11011959463816567,0.18723133904062159,0.04704279552393721,0.4341788814006947,0.07407812546669086,0.038556161701985885,0.03096252745691348,20.20072114921729
58,0.07727893874809298,0.10035350475895033,0.058403778978274486,0.03969095801415152,0.03808329391943496,0.49290933880532023,0.12249152048137353,0.07078866629440188,20.587079695387178
59,0.14678900813724557,0.10486009085481161,0.16392094739807822,0.21044438834582577,0.14905388844391063,0.04251856833292662,0.14607037010841242,0.036342738378789055,20.431916622456022
60,0.21197988037834353,0.004641197436179385,0.12215467790310067,0.1570144188152345,0.011275382252070221,0.3022647463125366,0.18290794592368215,0.0077617509788530294,27.34510144585095
61,0.15894398622396966,0.09359865009735978,0.10518258919659319,0.10495554810810587,0.14613770630568754,0.015787234938012026,0.1562637642302733,0.21913052089999874,19.514187943465867
62,0.13617850870076437,0.24590755236618267,0.04600944187237963,0.19607306990538467,0.10467323502191192,0.1549916196124667,0.08486508795424824,0.031301484566661784,20.053930088974678
63,0.002026058902981065,0.030569267174811465,0.0361694983522076,0.04124262487937156,0.20677390302855173,0.435513060079487,0.12477404966409388,0.12293153791849566,24.54613932617668
64,0.03576932715846296,0.14941690862080995,0.044598570380452986,0.2598698960889553,0.12226229396114607,0.03569765493079108,0.20385524088414275,0.14853010797523888,19.32833157245532
65,0.08936556045321484,0.021882656751439706,0.22883490561706477,0.019230286161246005,0.1113346011376304,0.12457606474774707,0.2932430669499785,0.11153285818167881,20.965343687221548
66,0.03595214932341427,0.14918452529639434,0.011433878707632057,0.02172646764680009,0.1798756331947526,0.3663822556788111,0.1396050888222084,0.09584000132998705,21.439822371096817
67,0.2597509290532186,0.17413163286435246,0.18375712191292856,0.08245076355336148,0.08632796912890264,0.05695241721601998,0.04619287344107714,0.11043629283013916,18.63811863022892
68,0.07215523043582645,0.10184222911137053,0.1956080685038446,0.10217218518069578,0.45634617022297796,0.013563449151873219,0.007279416331008806,0.05103325106240272,22.213359655848564
69,0.21167851587982667,0.15718106423825814,0.2759476913302889,0.05663968881320429,0.22180272205688506,0.03884670280513747,0.03370852562996293,0.004195089246436486,28.211278243140857
70,0.1547551537369235,0.10252961606195367,0.2849266781857733,0.1273602795187105,0.15693470383215216,0.01789247276066414,0.13386820508914732,0.02173289081467533,21.848636002844156
71,0.2618465887529968,0.001010512010245646,0.17058535881591175,0.009173186674080507,0.26359376285054364,0.14240530234868443,0.08141663737433005,0.06996865117320702,35.504212988967
72,0.07821023308214763,0.1353549225864544,0.05672437542443515,0.062494245751863,0.09058950087085883,0.2814459500165277,0.11952218590974238,0.17565858635797083,19.572200348396343
73,0.2336899444714532,0.011455388475010955,0.12999904552613134,0.08798252291051588,0.16625504951528405,0.20606659760950863,0.07357834130789336,0.09097311018420279,21.266135222049883
74,0.0780850107230167,0.02042499404206492,0.10781041154694683,0.22189940878359146,0.10815061654573316,0.3330200219192105,0.025186004660880435,0.10542353177855601,19.9497803656545
75,0.12166064933113174,0.0705169566227649,0.014195368357854824,0.16367862789347684,0.15043122161976108,0.015465125254416213,0.23284421919827653,0.23120783172231787,21.035181372473154
76,0.26356733969867585,0.28337506540667123,0.08517208146965105,0.0024708755291137545,0.0004961748215206957,0.046269079457095325,0.24187744565906535,0.07677193795820657,65.79856227495435
77,0.08428170839899554,0.0696985361630054,0.3087401376258164,0.08034053423198886,0.108456402486215,0.21733624955126932,0.04055665029749292,0.0905897812452166,19.961339772446557
78,0.014561708679951449,0.31794558292734454,0.061840573543332576,0.10899341689766387,0.06992283563082888,0.16648492902392809,0.21044646798881686,0.04980448530813373,20.56818848300619
79,0.06326308872177003,0.22006638352948094,0.01977882800720159,0.05049712539404802,0.12850158130276496,0.022547336280419234,0.36304952503064836,0.13229613173366694,21.922568128742917
80,0.03573310491550819,0.0362737869596556,0.07825342221007386,0.1995895080281657,0.15462876634073952,0.17932592649939175,0.0701255677461049,0.24606991730036046,19.43364818215634
81,0.16588534227883225,0.10536312895889492,0.04458219611833822,0.13936060491054722,0.08434682461366323,0.12068618465239216,0.2221566183458078,0.11761910012152423,18.392977815479764
82,0.15542250189565965,0.10705592704884873,0.13399354637885996,0.0801931614160033,0.13182567813329585,0.10233620059672922,0.1427492200909787,0.14642376443962454,18.644319538174116
83,0.05832491872770567,0.1459637269001391,0.08855750144859771,0.040985670529570084,0.05629629408502433,0.1703151036939074,0.07877994002679464,0.360776844588261,19.945732219678163
84,0.09216338318397303,0.23614136095321042,0.03235750880804112,0.1117126264600809,0.18663825318748692,0.040915908672363305,0.10073826319633532,0.19933269553850907,19.08096283617412
85,0.0695779727187494,0.2589768631534409,0.12344004485868759,0.1180127178657026,0.07011301899059155,0.11868706488140028,0.0841955000365062,0.15699681749492142,18.51111071060136
86,0.20852982548185353,0.14761125655495205,0.1925766305472849,0.02102480415108362,0.02995493503719969,0.23681191249035174,0.16248201339800405,0.001008622339270342,35.76652895428385
87,0.13543086078425629,0.02721334831830642,0.16353131100595808,0.15372408319628056,0.18357211937224593,0.06262390473367108,0.1513573315482124,0.1225470410410692,19.02128239728766
88,0.21878222379938356,0.099111188693943,0.033733574000650364,0.0012952427186612178,0.17513058937592055,0.03888463032168442,0.11423694564286535,0.3188256054468916,30.822846702408384
89,0.09285081087595998,0.246910910344655,0.23627114890557066,0.008440496209055307,0.2741187090968718,0.0888528401721004,0.031195721435247476,0.021359362960539304,22.735658132209835
90,0.18339544285016401,0.2200652080762807,0.014670930788920148,0.00523112637510818,0.09437015664983343,0.04638414902069227,0.056910444490252156,0.3789725417487491,25.125425331365555
91,0.08334783529299099,0.39678759945749414,0.16931044788988941,0.010400177255692202,0.09798246140549273,0.030279439125796323,0.16275275190856317,0.049139287664081016,21.560464263592262
92,0.04747138648000905,0.27294376384632385,0.1150459358637592,0.1307758097335105,0.2008433001413061,0.04520816017122101,0.02831516500327142,0.1593964787605989,20.185585614916036
93,0.11284405193556257,0.19810333379396164,0.28727215438147746,0.06810229575363569,0.004009390965610067,0.05542728619772033,0.22768985273184872,0.04655163424018355,23.610074701044976
94,0.06841908707860624,0.2176536078044669,0.1291100110801165,0.037019609773401636,0.08159986808123812,0.34774477550791083,0.11133015096047925,0.007122889713780528,21.74833118931938
95,0.04122552313464521,0.08192689338630127,0.16376138717484603,0.2072049069106831,0.14324623533273795,0.23314775211788277,0.028950170036797094,0.10053713190610655,19.827258321945614
96,0.09363061356019428,0.14641653811501187,0.1478890330857378,0.11483165999212075,0.24920248456648292,0.0022257376035602836,0.11727032648231749,0.1285336065945746,22.063610436871855
97,0.1900654792130043,0.12658525362562567,0.05685214902700634,0.11109456445488443,0.17541559435988588,0.08060807455168359,0.20680714286131452,0.05257174190659535,19.402464731255662
98,0.03142569856246249,0.08388335669064079,0.12138998173001468,0.0884182533808185,0.06672388538916967,0.24254235891509013,0.3111758671577813,0.05444059817402241,20.364051789192125
99,0.046027901879468695,0.13231652514503095,0.17673742837557205,0.02557658922655388,0.08579561320187613,0.1813879402089548,0.28916733186803006,0.06299067009451347,19.450936712596935
100,0.15851727542709348,0.15696908391563574,0.21554418205787593,0.0031816647023797393,0.21146818043993354,0.022414834557039423,0.14993372422592685,0.08197105467411524,21.433587280191148
101,0.05648456453433814,0.19196729772787732,0.13122937690399802,0.17829517173443896,0.14377084859611894,0.037459469673742335,0.13588419289497766,0.12490907793450856,18.797179575338298
102,0.0956725403508675,0.05662716713570737,0.28064045321208253,0.1528856711601524,0.0033622546414991037,0.0656963729743404,0.0757704501828363,0.26934509034251436,20.606778511857616
103,0.3167392422444643,0.05919828490730987,0.16268402448978667,0.01609171533642269,0.20371650647556075,0.1518168815515406,0.06714244353054154,0.022610901464373532,20.415800044554977
104,0.23701487616912653,0.08443551523856936,0.07821258784054032,0.09414593536237201,0.037987888793882894,0.06247044925363263,0.1557921284875655,0.24994061885431074,19.547822790041828
105,0.21675777840600022,0.14531984298877798,0.008617573077180578,0.0029975774851711953,0.1406251281346796,0.26044053164964037,0.14591637221487405,0.07932519604367591,22.43621169885284
106,0.11329432292628244,0.17366894716318293,0.12787701756113554,0.08765833299793331,0.10688480053326535,0.08862384150346103,0.1472772316008349,0.15471550571390452,18.875501014016546
107,0.16191814611673253,0.10720902286026823,0.17762043489495832,0.25174839279108263,0.08927423326673668,0.03649072707150816,0.06721744567091005,0.10852159732780345,19.268072678881214
108,0.1853840343189041,0.07629749236071243,0.05713382062187652,0.14117785870185062,0.09796671601044185,0.027558066170398774,0.23837849915734105,0.17610351265847468,19.07037895869843
109,0.14851065989243237,0.15802690136896633,0.12513794094114075,0.22696804870045004,0.027905367662524373,0.217756254937833,0.06881638557757544,0.02687844091907783,19.709906706344142
110,0.17616752013737264,0.007349824078453298,0.30458452309799056,0.10765825985203921,0.14139374426125773,0.030572584880398233,0.14046490289522492,0.09180864079726334,20.33077209914642
111,0.22263659096712612,0.10806426274569769,0.016255550363520294,0.18055129495452804,0.10594823984263198,0.17443193604780113,0.10412787347773081,0.08798425160096393,19.644257928664814
112,0.1420237006728257,0.06807129479522762,0.08785876682634051,0.17070674302368713,0.1518416862334531,0.027795537832331563,0.18858442530080324,0.1631178453153311,18.56799586526744
113,0.18765200528130152,0.04350723498913645,0.31776419881436435,0.14005532612038524,0.013856640472562163,0.031923097602364336,0.19468940144951563,0.07055209527037021,20.908986055093653
114,0.06274371769466291,0.07303419738735066,0.21838121723314904,0.08645608373287385,0.1259413954199601,0.1823606577855366,0.16137479678339203,0.08970793396307493,18.688163387470734
115,0.15802399755261878,0.24231209482506935,0.07695885259559455,0.028400608753674887,0.11659009349630545,0.06680561905043426,0.20185973702172458,0.1090489967045781,18.88482332929067
116,0.2902622600775435,0.1945931680385051,0.13763832514297147,0.04007892177738529,0.025476337557693424,0.08659452442222906,0.20475844401671908,0.020598018966952923,20.823863422940676
117,0.28471123377499824,0.15412230589104364,0.14967590312523102,0.17451143918946138,0.08183458563680712,0.08000009940632338,0.013158213242377172,0.06198621973375809,20.079579567020104
118,0.09648951404029855,0.2632489331970563,0.14171118403029395,0.1536600450725866,0.19703706438233962,0.04293383586343262,0.07394077337125306,0.03097865004273938,19.72549565026319
119,0.09165990607468456,0.09545829974403201,0.18083340436550702,0.22137723949699564,0.09766169070763522,0.22044514492364684,0.07417612177345548,0.018388192914043228,20.19087714066424
120,0.16940263814872916,0.19536951605494915,0.16270633515022864,0.15209012453209297,0.14263687708848152,0.10892107006776758,0.008808017567566127,0.06006542139018484,19.47671675142312
121,0.00017321036088597803,0.11436712684708296,0.26151337258007806,0.014391869258672477,0.04282242106008416,0.20324200834107858,0.2697657369893827,0.09372425456273516,22.056507256306652
122,0.09542113822006111,0.07751688721133493,0.3225996885984568,0.028018710006156796,0.16195203552695006,0.02693481060265364,0.043788252992568964,0.2437684768418177,21.20101164788637
123,0.00451662418404702,0.14343987983918316,0.05404978150390498,0.18924725813354995,0.2944155725859459,0.10807996954731616,0.049174725115846314,0.1570761890902066,21.99017942643855
124,0.07930217962025192,0.13337413508916143,0.1686216914053786,0.21579945054022107,0.12777391736401775,0.03416305502200553,0.031595011605617694,0.20937055935334603,20.17606673136679
125,0.11343650355125626,0.0969951273398426,0.1313378157210609,0.20824441105114072,0.2974818358363896,0.014134161017528369,0.12721897111287525,0.01115117436990632,22.3379651837906
126,0.08365714982123161,0.21884668130499657,0.04860923688417957,0.06017194693618125,0.18719098228056835,0.12400666434233057,0.016479055695021134,0.26103828273549096,20.314947493053676
127,0.010087522323558275,0.016544520739117118,0.13200132886651766,0.30033988308041637,0.10935272444479184,0.2758720879768095,0.03469822529546771,0.12110370727332165,21.2658794527104
128,0.12780227180810955,0.0792580799735814,0.21920928995506836,0.01636362595778343,0.08287479744202442,0.10467210016156762,0.1117320234537189,0.25808781124814645,19.358792586255223
129,0.06988789598290507,0.04203541038797644,0.2287845498389303,0.15828971795986044,0.26049061511497706,0.004968581133352337,0.11027538703624241,0.1252678425457559,25.212306320567603
130,0.16002874656236232,0.08797322923615158,0.03015345656525101,0.11974633849596711,0.2113821745409984,0.09100914959687557,0.13604714010815247,0.1636597648942414,18.538963405512792
131,0.059763975317025375,0.1193564307512626,0.011560562881070869,0.02317440724456414,0.1882723120998994,0.17131999692971314,0.31756710544685224,0.10898520932961218,20.811998531882036
132,0.0841273875563455,0.06321322892265865,0.057536837382989675,0.01854635681423422,0.02514841645576649,0.29623317264489374,0.21077207571145226,0.24442252451165955,20.45839309980593
133,0.13605277855268105,0.3185628190713036,0.08683705821538969,0.08521738948907802,0.19416018482235603,0.07701123805229679,0.01941941593524156,0.0827391158616533,19.720948302879833
134,0.08649043115137144,0.06472022594078079,0.10102820914969583,0.13916590604352283,0.06613091017499935,0.07940118085634626,0.3713112781872014,0.091751858496082,19.007447869973603
135,0.3351846341073274,0.01621820426040532,0.1377221926951583,0.05656053095467248,0.010908739726574461,0.1548149441611355,0.0732868286222805,0.215303925472446,22.029070244972935
136,0.18656257445601626,0.2061388484256806,0.010719292595062381,0.10816760435958724,0.12237828694896896,0.14155833802345985,0.10485634689803082,0.11961870829319386,20.118262264250205
137,0.00918036859137179,0.12820629502502776,0.04224991839546905,0.2172081953077432,0.12544343580364978,0.0048860999412789485,0.2141390013066265,0.25868668562883307,25.7015830029683
138,0.16818073854466065,0.14809093564477485,0.214592007798156,0.07403269968053268,0.04264058062101886,0.2484202347952872,0.09924118740123478,0.004801615514335087,23.80256669721495
139,0.46678016149929846,0.16082390818804587,0.10762652287698364,0.034814375773051576,0.03407874293397443,0.09212096382033656,0.07302744951433836,0.030727875393970993,20.209207315724
140,0.028297441570965455,0.07410930100836671,0.17215298731999698,0.040865046086598564,0.0491119252488469,0.11332695933376512,0.28672580282659665,0.2354105366048637,19.499694376472764
141,0.002413633746607891,0.15618846721625004,0.16756694109045506,0.10132613339078231,0.27774314774661263,0.06035832107289199,0.22573068527205578,0.00867267046434439,22.899847341801788
142,0.028214968907975604,0.11660269631537987,0.155863150291012,0.03812280906443319,0.2508239019069691,0.12341730144026088,0.08411222770023863,0.2028429443737308,18.82809145753508
143,0.0816165574405822,0.29442618020657585,0.07381179499512108,0.11421819606343046,0.15669732402400124,0.20887424763855644,0.029436436419710263,0.04091926321202243,19.877735909819926
144,0.07765058004136147,0.16234509101173458,0.20557855693869465,0.11793093534636716,0.1428309774963099,0.13727911366504403,0.03219774166897765,0.12418700383151045,18.424109886053145
145,0.29974405888812183,0.09077586995373102,0.048916738934632144,0.09817731096699994,0.09503883240654243,0.25046032383145306,0.049473345444543314,0.0674135195739763,18.944694367428653
146,0.01136041488575453,0.033605403144765546,0.14238044772515507,0.2686709329657656,0.1741355524876448,0.1687448190307667,0.18116589627940005,0.019936533480747507,22.441859117268816
147,0.1001550310797908,0.028757166630137512,0.10553873681960721,0.05523181654866962,0.12794400388666022,0.23165584859970167,0.2332463491637861,0.11747104727164696,18.74944491174426
148,0.059084772277768066,0.0405624837021107,0.14063039846235714,0.10209891953759821,0.18599788855610072,0.10593151781356963,0.3448749546494901,0.020819065001005454,19.99019382965971
149,0.16141185077034767,0.04599417717775418,0.07493904957349487,0.18475338585589765,0.269787565002324,0.17575072494079252,0.010064447600423918,0.07729879907896531,19.82866093757481
150,0.11947667184579595,0.198368403896295,0.13510365172694028,0.20863826924861711,0.19830358342938972,0.06329895049107688,0.01108329352647802,0.06572717583540691,21.157379774582285
151,0.1603319644561619,0.0229963325916881,0.05710836296360797,0.3727445521225472,0.09148274549907082,0.010203631864548056,0.07223535774901176,0.21289705275336424,22.118600767000633
152,0.18762678151298834,0.1723372521386251,0.025424795425896388,0.1283987423606199,0.10589881585234916,0.23979549760427354,0.05299799388838613,0.08752012121686152,19.88440446182473
153,0.2602798246099099,0.14282415502491994,0.009824915278019356,0.06562690537981906,0.07062743466156968,0.0025816426128661436,0.24917231322601205,0.19906280920688385,23.923995975782166
154,0.1218999848792818,0.16319045226311352,0.15334695305782628,0.04091580266762018,0.12511563668015893,0.12510687189182626,0.13099678795495795,0.13942751060521502,18.890801135741324
155,0.10882193582371819,0.04283306485102293,0.0655402709061071,0.1644729089891306,0.26803982114335506,0.15718819266038078,0.07985238850201347,0.11325141712427182,19.104292817685085
156,0.07151700921965883,0.07082165559176627,0.26629882400672067,0.1431816874321453,0.10077674557633196,0.025805302063213808,0.1423651040604848,0.17923367204967833,19.40067857128393
157,0.1272399283245842,0.13528356997707858,0.08094694351937742,0.19503339195902802,0.10610507231756142,0.13045804657147192,0.08288932115794918,0.14204372617294914,18.14198515210859
158,0.11885546020567438,0.16045472787079917,0.18564571412269595,0.05544706861041836,0.04549101083669369,0.19080857773212864,0.03689250044049412,0.2064049401810957,18.895585295915055
159,0.41374721432296463,0.07015295490625752,0.073332194118157,0.15206984034041482,0.08005029777878529,0.14313447933034762,0.061666525400038086,0.005846493803035046,22.782504756938906
160,0.11519381269179355,0.08385798330096451,0.10405517467600758,0.1342847693797448,0.18541385493989979,0.16927596976847545,0.07642781597006139,0.1314906192730529,19.001190252899203
161,0.07434021678389384,0.1335826468475816,0.25773633723852085,0.138861151902646,0.02147955472793304,0.06456026071688477,0.0019066747856120287,0.30753315699692774,25.174092646089598
162,0.06707909403296117,0.0785427214121619,0.09867004748579739,0.03754734616792001,0.16013291655105477,0.16318703144421481,0.3334027887367386,0.06143805416915116,19.139280863202877
163,0.19732465429507048,0.18377226623431944,0.14037863763177263,0.07791830863339903,0.17825580653754242,0.047593696777562214,0.07502515618939723,0.09973147370093666,18.525946322924696
164,0.036388225556510716,0.05044034697210665,0.09587599981321883,0.11772524825953083,0.050159720112199845,0.18285599586433626,0.36841296576908356,0.09814149765301314,20.11684264626227
165,0.05946180993217273,0.07871090121455335,0.1970232394461502,0.05104829349988746,0.20658605939244293,0.004326711317527081,0.11545229296459245,0.2873906922326738,27.073398483393657
166,0.07033845241194747,0.12892029117056714,0.09749330045486408,0.36288576089934255,0.0028036636695231852,0.08004273512465332,0.14945938081772903,0.10805641545137316,21.554996295675565
167,0.07238491689188775,0.07169625208044139,0.33114609398308037,0.07376895331169091,0.056441976103544615,0.10348150114605002,0.008218678162600945,0.28286162832070394,20.39493391196765
168,0.2528983703541993,0.17873326531031802,0.018100229752618376,0.029956810675912594,0.1865491076303328,0.08095155266927416,0.10887376314509446,0.1439369004622503,20.79053953179975
169,0.05435106722187155,0.15369985888154453,0.06891908783269371,0.016353358333937335,0.19429499651427223,0.036413771473708646,0.19290504375631898,0.283062815985653,19.872028996639727
170,0.17556875486461657,0.11390863513310542,0.22577090012956305,0.11955028948019379,0.10165826067590097,0.10386310733772225,0.03593911676943899,0.12374093560945894,19.056310070513078
171,0.23738713783668056,0.13484819198204853,0.28965273570215944,0.058611245749655774,0.008951177950758726,0.036004867144326866,0.07709650224391537,0.15744814139045488,22.125586409174687
172,0.04587005706880055,0.18929091701728779,0.03337984543551618,0.10335755629795816,0.005693499326274,0.2219017387453539,0.30100063284860934,0.09950575326020013,23.12190897767023
173,0.0254692058780283,0.1001276574264,0.26439637641671093,0.4592346318967653,0.05851611599054721,0.03163813845458612,0.03568451428652087,0.024933359650441203,22.31106017298577
174,0.03170276490267921,0.25427510404592735,0.14719973012986146,0.026913680135791696,0.25159558988898834,0.18650237175296436,0.03947515181784144,0.06233560732594619,21.139990528889378
175,0.36252084751867775,0.09467170503813065,0.1418714113664974,0.1333834559098728,0.10528535778837196,0.001509562753624136,0.14568603606026231,0.015071623564562972,27.496267099570183
176,0.0947213708989921,0.16194317127024088,0.25832871446407074,0.09912072649003487,0.16435714808057678,0.07634136981450626,0.10700855209685067,0.03817894688472781,19.43170086038863
177,0.0341869448939706,0.07613834468803575,0.058047595684098084,0.212410864368123,0.16964582970441425,0.23445935935545978,0.06578467388313568,0.14932638742276297,18.612852219370268
178,0.18422965140533906,0.16998661199804746,0.08157336444268695,0.16984507547928873,0.07343526257113694,0.23728410357890667,0.0022854835598709435,0.08136044696472333,22.486626215766442
179,0.1750582120887226,0.21841667719097674,0.04291144790219125,0.01887633114356963,0.06398672292393168,0.2515632993416814,0.15789277101633645,0.07129453839259021,19.792237619664093
180,0.013622294982313753,0.20002646773731803,0.04974128293085221,0.06461769709620772,0.13013430789409552,0.07208044504491531,0.21022535662838573,0.2595521476859118,20.832380616195156
181,0.2872848199782856,0.03904275401262898,0.054090518606729254,0.06330620681771507,0.20866387597131741,0.1477548478062909,0.06586469867187507,0.1339922781351577,19.876970893035217
182,0.20134292094614595,0.00987858360506799,0.01885229029266056,0.196322108578285,0.032938676573289395,0.07383334068699014,0.269430319582127,0.19740175973543397,21.423378960098418
183,0.14590787462115307,0.03656078791120372,0.04606505015273623,0.24915839134201562,0.04463723771227948,0.11159081459593426,0.04621509942836281,0.31986474423631484,19.674709711427763
184,0.12272966578303177,0.07665991010897956,0.13680766081307338,0.07581600946988878,0.10588737973333916,0.18833323538164043,0.1571000663046663,0.13666607240538056,18.026153817815388
185,0.11861881228694864,0.10554445970883115,0.09112277105186664,0.1518196087282473,0.14503649982066552,0.05864636935015405,0.11455853800472374,0.21465294104856303,18.2572111771552
186,0.08349454513603721,0.16122494713887775,0.04434831827568885,0.3064052720856948,0.15355665074412178,0.08950920181028423,0.05113568819004254,0.11032537661925298,18.560739685042908
187,0.3288293154085344,0.2041229477211405,0.06728939453121584,0.0020412057999594385,0.04129846282330737,0.19544406265527456,0.047651862775374726,0.11332274828519326,23.78594053688272
188,0.04547443383280899,0.05450420172532483,0.1911187888718714,0.07580113780928763,0.24012024019937994,0.33350209805130454,0.002686967584001299,0.05679213192602157,22.689935982676108
189,0.13146082525300837,0.08904048320752474,0.0042119031261263935,0.12519498316026687,0.17783909285071384,0.23962136683304724,0.11617567298559212,0.11645567258372046,23.171149629736355
190,0.019079330283528016,0.07266719422536506,0.11105359918902699,0.13994297368364167,0.2151163704414218,0.25379387348778376,0.11323656462675234,0.0751100940624804,20.30816763819237
191,0.21599985015213527,0.08639305321151534,0.11238885586352125,0.23677107388976287,0.0022607493649055028,0.09232366360039787,0.10359591155126684,0.15026684236649515,22.833419449412446
192,0.3100583130953564,0.09646760869272511,0.03731061346118075,0.11936726151140795,0.12811235716702046,0.19596911904741457,0.05863654152724607,0.0540781854976488,19.998908119638443
193,0.11619786956022915,0.08681045603076369,0.171910210125279,0.19351007806161297,0.012586443605861336,0.2822124404105843,0.0455874943020827,0.0911850079035869,21.117096742087586
194,0.17528917331669988,0.21335707220279942,0.19436832342004842,0.18684743581589186,0.01737017815669509,0.007565579601438102,0.13181072279350156,0.07339151469292553,21.52996057072266
195,0.15060765541192492,0.013505991226749534,0.06799309959930072,0.09864550137385733,0.0931387835692225,0.21810713278145155,0.11023088392781652,0.24777095210967687,20.956629408679436
196,0.24169618648896357,0.2603045523014857,0.15097248958016368,0.08623272306562621,0.12683911891090355,0.07351118250317001,0.03789120736389199,0.02255253978579532,20.100150459283192
197,0.07570516693926635,0.1790611967976707,0.04101596049045322,0.17771439466003477,0.023392373729544242,0.08777016071472918,0.020317748874903535,0.395022997793398,21.65564974646167
198,0.06908572406598588,0.1663284819526366,0.2514336330032278,0.122925728808932,0.15028922749183599,0.039417418378339654,0.15722924405604108,0.043290542243000996,19.359804318552563
199,0.30598986071795187,0.19241142462092278,0.1309710772599286,0.014280590305777148,0.08069807946109692,0.048268387226643436,0.08078223287813237,0.14659834752954692,19.914058120476575
200,0.09004151259905555,0.15383229016653183,0.060222773385899424,0.0964573225011064,0.1638486994410635,0.027997294972686926,0.2348691757853089,0.17273093114834753,18.93836754716034
201,0.02430661918609388,0.08594385146473132,0.17985697765566855,0.015049155606394094,0.3263335649990559,0.17421544845620868,0.03168943558164747,0.16260494705020007,21.83070570721708
202,0.0816897157925296,0.2161864918089582,0.1681677886508843,0.12491664826299928,0.07796565741503012,0.2711275845249229,0.05281871253998981,0.0071274010046857164,20.59349420664256
203,0.006881752425123266,0.14182168575740597,0.05623868365213581,0.1826040481605082,0.09175549463045457,0.20925760241047342,0.05650528888103328,0.2549354440828655,21.353165685782262
204,0.05898911284186892,0.04338707624593038,0.06661049374136953,0.018556708644480245,0.08188085860838194,0.362138054543581,0.20446200436895545,0.16397569100543252,19.45467032399202
205,0.08463298217101985,0.009514414780376582,0.03127172772063212,0.25193251470393296,0.21833083715455864,0.10942213733635234,0.22400434363539345,0.07089104249773398,20.353275588917377
206,0.2972919363137745,0.09227606890748832,0.08683882546175302,0.010618185949424689,0.12515358683218672,0.1185155523737369,0.26765260265689694,0.0016532415047389017,26.217617795005435
207,0.12507094792565224,0.018440334068192857,0.04326242545154116,0.21347834390390977,0.18892229880444011,0.28867299841982796,0.11268161347554054,0.009471037950895381,21.95012887389743
208,0.07903065591287527,0.12283408349725686,0.15724673974572426,0.17759986289105,0.2694062233787628,0.08006817077996295,0.010055064875357338,0.10375919891901061,20.94487040565687
209,0.014145683923690809,0.045088512306968864,0.25044131057435065,0.10686666991421762,0.06968192607862772,0.1514025084971861,0.17996926158224172,0.18240412712271653,19.935917426455156
210,0.16699737832024042,0.20054994389678943,0.010284499578632044,0.21622968883477786,0.051271374443434665,0.17037966674499214,0.1605708345541791,0.023716613626954403,21.183671645651337
211,0.3209938100217554,0.0555015250610577,0.13375859339563476,0.2475202982829899,0.10810713288641895,0.08860093949369385,0.02904319939863142,0.016474501459818082,20.146642586863685
212,0.23078551387724913,0.029534298134859444,0.15209538023587402,0.07206307750835245,0.03292714610932644,0.14371939315525598,0.15267820102449303,0.18619698995458941,19.609398529302027
213,0.0516063708557239,0.09992074942343883,0.19761614244077905,0.02304382673052065,0.2137529130077268,0.10133705400414873,0.21951184218848496,0.09321110134917715,19.283692159082047
214,0.03153549888226895,0.09309124110098194,0.1164510149444884,0.22634425808292466,0.24062650341556352,0.22545255471345846,0.06610135373408481,0.00039757512622924505,80.72778221339335
215,0.05870763594150472,0.2602017150590915,0.048597462856617875,0.2269474165986037,0.14984900742120524,0.07168803561843035,0.18027706631380833,0.003731660190738291,22.740505720172322
216,0.23469018175366654,0.19667972422682342,0.04226559932175688,0.18142245450868263,0.04898227008502933,0.06290645077600863,0.05550209090613497,0.1775512284218975,19.56399898922733
217,0.03768631812637013,0.23245660433685433,0.03244721306534355,0.0294382856387091,0.038761105441021945,0.19660203880613905,0.26729195263732536,0.16531648194823653,20.5658357429504
218,0.0009630393043775803,0.19721527218613716,0.034855739594506996,0.23741695727820872,0.12035705483154079,0.002662899985447213,0.29915301759184765,0.1073760192279339,38.94887641073038
219,0.11798064384564895,0.18598583924371195,0.15794860634691962,0.06651988916643116,0.14754751622972337,0.00950061325571809,0.23847384625996246,0.07604304565188445,21.041218485582547
